35
20
m 0 19
0 34 0
1 0 0
2 34 19
w 0 9
w 0 10
w 1 1
w 1 2
w 1 4
w 1 5
w 1 6
w 1 7
w 1 9
w 1 10
w 1 12
w 1 13
w 1 14
w 1 16
w 1 17
w 1 18
w 2 1
w 2 2
w 2 4
w 2 5
w 2 6
w 2 7
w 2 9
w 2 10
w 2 18
w 3 1
w 3 2
w 3 4
w 3 5
w 3 12
w 3 14
w 3 16
w 3 18
w 4 1
w 4 2
w 4 4
w 4 5
w 4 7
w 4 9
w 4 10
w 4 12
w 4 14
w 4 16
w 4 18
w 5 1
w 5 2
w 5 7
w 5 9
w 5 10
w 5 12
w 5 14
w 5 16
w 5 18
w 6 1
w 6 2
w 6 4
w 6 5
w 6 7
w 6 12
w 6 14
w 6 16
w 6 18
w 7 4
w 7 5
w 7 7
w 7 8
w 7 10
w 7 12
w 7 14
w 7 16
w 8 1
w 8 2
w 8 4
w 8 5
w 8 7
w 8 8
w 8 10
w 8 12
w 8 16
w 8 18
w 9 1
w 9 8
w 9 10
w 9 12
w 9 14
w 9 16
w 9 18
w 10 1
w 10 3
w 10 4
w 10 6
w 10 8
w 10 10
w 10 12
w 10 14
w 10 16
w 10 18
w 11 1
w 11 3
w 11 4
w 11 6
w 11 14
w 11 16
w 11 18
w 12 1
w 12 3
w 12 4
w 12 6
w 12 8
w 12 9
w 12 10
w 12 11
w 12 12
w 12 14
w 12 18
w 13 1
w 13 6
w 13 14
w 13 16
w 13 18
w 14 1
w 14 3
w 14 5
w 14 6
w 14 8
w 14 10
w 14 12
w 14 14
w 14 16
w 14 18
w 15 1
w 15 3
w 15 5
w 15 6
w 15 8
w 15 10
w 15 12
w 15 14
w 15 16
w 15 18
w 16 3
w 16 5
w 16 6
w 16 8
w 16 10
w 16 12
w 17 0
w 17 1
w 17 2
w 17 3
w 17 8
w 17 12
w 17 13
w 17 15
w 17 16
w 17 18
w 17 19
w 18 3
w 18 5
w 18 6
w 18 8
w 18 10
w 18 12
w 19 1
w 19 3
w 19 5
w 19 6
w 19 8
w 19 10
w 19 12
w 19 14
w 19 16
w 19 18
w 20 1
w 20 3
w 20 5
w 20 6
w 20 8
w 20 10
w 20 12
w 20 14
w 20 16
w 20 18
w 21 1
w 21 6
w 21 14
w 21 16
w 21 18
w 22 1
w 22 3
w 22 4
w 22 6
w 22 8
w 22 9
w 22 10
w 22 11
w 22 12
w 22 14
w 22 18
w 23 1
w 23 3
w 23 4
w 23 6
w 23 14
w 23 16
w 23 18
w 24 1
w 24 3
w 24 4
w 24 6
w 24 8
w 24 10
w 24 12
w 24 14
w 24 16
w 24 18
w 25 1
w 25 8
w 25 10
w 25 12
w 25 14
w 25 16
w 25 18
w 26 1
w 26 2
w 26 4
w 26 5
w 26 7
w 26 8
w 26 10
w 26 12
w 26 16
w 26 18
w 27 4
w 27 5
w 27 7
w 27 8
w 27 10
w 27 12
w 27 14
w 27 16
w 28 1
w 28 2
w 28 4
w 28 5
w 28 7
w 28 12
w 28 14
w 28 16
w 28 18
w 29 1
w 29 2
w 29 7
w 29 9
w 29 10
w 29 12
w 29 14
w 29 16
w 29 18
w 30 1
w 30 2
w 30 4
w 30 5
w 30 7
w 30 9
w 30 10
w 30 12
w 30 14
w 30 16
w 30 18
w 31 1
w 31 2
w 31 4
w 31 5
w 31 12
w 31 14
w 31 16
w 31 18
w 32 1
w 32 2
w 32 4
w 32 5
w 32 6
w 32 7
w 32 9
w 32 10
w 32 18
w 33 1
w 33 2
w 33 4
w 33 5
w 33 6
w 33 7
w 33 9
w 33 10
w 33 12
w 33 13
w 33 14
w 33 16
w 33 17
w 33 18
w 34 9
w 34 10
p 7 17
p 22 17
p 30 0
p 14 13
p 5 19
p 13 8
p 29 4
p 13 17
p 21 0
p 21 9
p 27 6
p 3 6
p 19 2
p 3 15
p 19 11
p 11 7
p 1 8
p 34 5
p 34 14
p 17 7
p 9 3
p 0 0
p 15 0
p 32 16
p 33 15
p 15 9
p 6 6
p 25 11
p 16 17
p 32 19
p 31 8
p 22 5
p 31 17
p 23 13
p 30 6
p 14 19
p 13 5
p 29 13
p 3 3
p 20 19
p 12 15
p 28 11
p 4 11
p 27 15
p 10 17
p 18 0
p 26 13
p 2 13
p 18 9
p 18 18
p 34 2
p 34 11
p 17 4
p 9 0
p 9 9
p 33 3
p 24 0
p 32 13
p 8 13
p 24 9
p 7 2
p 0 18
p 25 17
p 16 14
p 7 11
p 22 2
p 6 15
p 23 10
p 14 7
p 5 4
p 23 19
p 5 13
p 13 2
p 30 15
p 13 11
p 20 7
p 3 0
p 29 19
p 21 15
p 3 9
p 4 8
p 27 3
p 4 17
p 10 5
p 19 17
p 1 11
p 11 13
p 2 19
p 33 0
p 0 6
p 25 5
p 8 19
p 16 2
p 0 15
p 6 3
p 15 15
p 31 11
p 23 7
p 14 4
p 30 3
p 20 4
p 21 3
p 12 0
p 20 13
p 21 12
p 27 0
p 27 9
p 28 8
p 10 2
p 27 18
p 28 17
p 10 11
p 11 10
p 11 19
p 2 16
p 26 19
p 18 15
p 34 8
p 34 17
p 17 10
p 9 6
p 0 3
p 25 2
p 9 15
p 0 12
p 6 0
p 24 15
p 6 9
p 16 11
t 1750 0
m 1 19
0 33 0
1 1 0
2 33 19
t 1749 0.0
m 0 19
0 32 0
1 0 0
2 32 19
t 1748 0.0
m 0 19
0 31 0
1 0 1
2 31 19
t 1747 0.0
m 0 18
0 30 0
1 0 2
2 30 19
t 1746 0.7751937984496124
m 0 17
0 31 0
1 0 3
2 29 19
t 1745 0.7751937984496124
m 0 17
0 32 0
1 0 4
2 30 19
t 1744 0.7751937984496124
m 0 18
0 33 0
1 0 3
2 31 19
t 1743 0.7751937984496124
m 0 17
0 32 0
1 0 2
2 32 19
t 1742 0.7751937984496124
m 0 17
0 33 0
1 0 1
2 31 19
t 1741 0.7751937984496124
m 0 17
0 32 0
1 0 0
2 32 19
t 1740 0.7751937984496124
m 0 18
0 31 0
1 1 0
2 33 19
t 1739 0.7751937984496124
m 0 17
0 30 0
1 0 0
2 32 19
t 1738 0.7751937984496124
m 0 16
0 29 0
1 0 1
2 31 19
t 1737 0.7751937984496124
m 0 17
0 30 0
1 0 2
2 32 19
t 1736 0.7751937984496124
m 0 18
0 31 0
1 0 3
2 33 19
t 1735 0.7751937984496124
m 0 18
0 32 0
1 0 4
2 32 19
t 1734 0.7751937984496124
m 0 19
0 31 0
1 0 5
2 33 19
t 1733 0.7751937984496124
m 0 18
0 32 0
1 0 4
2 34 19
t 1732 0.7751937984496124
m 0 18
0 33 0
1 0 5
2 33 19
t 1731 0.7751937984496124
m 0 18
0 32 0
1 0 4
2 34 19
t 1730 0.7751937984496124
m 0 18
0 33 0
1 0 5
2 34 18
t 1729 0.7751937984496124
m 0 17
0 34 0
1 0 4
2 34 19
t 1728 0.7751937984496124
m 0 16
0 33 0
1 0 5
2 33 19
t 1727 0.7751937984496124
m 0 17
0 34 0
1 0 6
2 32 19
t 1726 0.7751937984496124
m 0 16
0 33 0
1 0 7
2 31 19
t 1725 0.7751937984496124
m 0 16
0 32 0
1 0 8
2 30 19
t 1724 0.7751937984496124
m 0 17
0 31 0
1 0 7
2 29 19
t 1723 0.7751937984496124
m 0 17
0 32 0
1 0 6
2 30 19
t 1722 0.7751937984496124
m 0 17
0 33 0
1 0 7
2 31 19
t 1721 0.7751937984496124
m 0 17
0 32 0
1 0 8
2 32 19
t 1720 0.7751937984496124
m 0 17
0 33 0
1 1 8
2 33 19
t 1719 0.7751937984496124
m 0 16
0 32 0
1 2 8
2 32 19
t 1718 0.7751937984496124
m 0 15
0 31 0
1 3 8
2 33 19
t 1717 1.550387596899225
m 0 16
0 30 0
1 3 9
2 34 19
t 1716 1.550387596899225
m 0 15
0 31 0
1 3 10
2 34 18
t 1715 1.550387596899225
m 0 14
0 30 0
1 3 9
2 34 17
t 1714 1.550387596899225
m 0 13
0 29 0
1 3 8
2 34 18
t 1713 1.550387596899225
m 0 14
0 30 0
1 4 8
2 34 17
t 1712 1.550387596899225
m 0 14
0 31 0
1 5 8
2 34 16
t 1711 1.550387596899225
m 0 15
0 32 0
1 4 8
2 34 15
t 1710 1.550387596899225
m 1 15
0 33 0
1 3 8
2 34 14
t 1709 1.550387596899225
m 2 15
0 34 0
1 3 9
2 34 15
t 1708 1.550387596899225
m 2 14
0 34 1
1 3 8
2 34 14
t 1707 1.550387596899225
m 2 15
0 34 2
1 3 7
2 34 13
t 1706 1.550387596899225
m 2 16
0 34 1
1 3 6
2 34 14
t 1705 2.3255813953488373
m 2 15
0 34 2
1 3 7
2 34 15
t 1704 2.3255813953488373
m 2 16
0 34 3
1 3 8
2 34 16
t 1703 2.3255813953488373
m 2 16
0 34 4
1 3 7
2 34 15
t 1702 2.3255813953488373
m 2 17
0 34 5
1 3 8
2 34 14
t 1701 2.3255813953488373
m 2 16
0 34 4
1 3 7
2 34 13
t 1700 2.3255813953488373
m 2 17
0 34 3
1 3 8
2 34 12
t 1699 2.3255813953488373
m 2 16
0 33 3
1 3 9
2 34 13
t 1698 2.3255813953488373
m 2 17
0 34 3
1 3 8
2 34 12
t 1697 2.3255813953488373
m 2 16
0 34 4
1 3 7
2 34 13
t 1696 2.3255813953488373
m 2 16
0 34 3
1 3 6
2 34 12
t 1695 2.3255813953488373
m 2 17
0 34 4
1 4 6
2 34 11
t 1694 2.3255813953488373
m 2 17
0 34 5
1 3 6
2 34 12
t 1693 2.3255813953488373
m 3 17
0 34 4
1 4 6
2 34 13
t 1692 2.3255813953488373
m 3 17
0 34 5
1 5 6
2 34 12
t 1691 2.3255813953488373
m 3 17
0 34 4
1 6 6
2 34 11
t 1690 2.3255813953488373
m 2 17
0 34 3
1 5 6
2 33 11
t 1689 2.3255813953488373
m 2 16
0 33 3
1 6 6
2 32 11
t 1688 2.3255813953488373
m 2 16
0 34 3
1 5 6
2 33 11
t 1687 2.3255813953488373
m 2 16
0 33 3
1 6 6
2 34 11
t 1686 2.3255813953488373
m 2 17
0 34 3
1 7 6
2 34 12
t 1685 2.3255813953488373
m 3 17
0 34 4
1 6 6
2 34 11
t 1684 2.3255813953488373
m 3 17
0 34 3
1 7 6
2 34 12
t 1683 2.3255813953488373
m 4 17
0 34 4
1 6 6
2 34 11
t 1682 3.10077519379845
m 4 17
0 34 3
1 7 6
2 33 11
t 1681 3.10077519379845
m 4 17
0 34 4
1 8 6
2 34 11
t 1680 3.10077519379845
m 5 17
0 34 5
1 9 6
2 33 11
t 1679 3.10077519379845
m 5 17
0 34 4
1 9 7
2 32 11
t 1678 3.10077519379845
m 5 17
0 34 3
1 9 6
2 32 12
t 1677 3.10077519379845
m 4 17
0 33 3
1 9 5
2 32 13
f 34 19
t 1676 3.10077519379845
m 3 17
0 34 3
1 9 6
2 32 14
t 1675 3.10077519379845
m 2 17
0 34 4
1 9 7
2 32 15
t 1674 3.10077519379845
m 2 17
0 34 5
1 9 6
2 32 16
t 1673 3.10077519379845
m 2 17
0 34 6
1 8 6
2 32 17
t 1672 3.10077519379845
m 3 17
0 34 7
1 9 6
2 32 16
t 1671 3.10077519379845
m 3 17
0 34 8
1 9 5
2 32 17
t 1670 3.10077519379845
m 2 17
0 33 8
1 9 6
2 32 16
t 1669 3.10077519379845
m 3 17
0 34 8
1 9 5
2 32 15
t 1668 3.10077519379845
m 2 17
0 33 8
1 10 5
2 31 15
t 1667 3.10077519379845
m 2 17
0 34 8
1 11 5
2 30 15
t 1666 3.10077519379845
m 3 17
0 33 8
1 10 5
2 31 15
t 1665 3.10077519379845
m 2 17
0 34 8
1 11 5
2 32 15
t 1664 3.10077519379845
m 2 16
0 33 8
1 10 5
2 32 16
t 1663 3.10077519379845
m 2 17
0 34 8
1 9 5
2 32 15
t 1662 3.10077519379845
m 3 17
0 33 8
1 9 6
2 31 15
t 1661 3.10077519379845
m 4 17
0 32 8
1 8 6
2 30 15
t 1660 3.10077519379845
m 3 17
0 31 8
1 9 6
2 29 15
t 1659 3.10077519379845
m 2 17
0 31 9
1 9 5
2 28 15
t 1658 3.10077519379845
m 2 17
0 31 10
1 10 5
2 27 15
t 1657 3.10077519379845
m 2 17
0 31 9
1 11 5
2 26 15
t 1656 3.10077519379845
m 2 17
0 31 8
1 10 5
2 25 15
t 1655 3.10077519379845
m 2 17
0 31 7
1 11 5
2 24 15
t 1654 3.10077519379845
m 2 17
0 31 6
1 12 5
2 23 15
t 1653 3.10077519379845
m 2 17
0 30 6
1 13 5
2 24 15
t 1652 3.10077519379845
m 2 16
0 31 6
1 12 5
2 23 15
t 1651 3.10077519379845
m 2 16
0 31 7
1 11 5
2 24 15
t 1650 3.10077519379845
m 2 15
0 31 6
1 12 5
2 25 15
t 1649 3.10077519379845
m 2 14
0 31 7
1 13 5
2 26 15
t 1648 3.10077519379845
m 2 15
0 31 8
1 13 4
2 26 14
t 1647 3.10077519379845
m 3 15
0 31 9
1 14 4
2 26 15
t 1646 3.875968992248062
m 2 15
0 31 8
1 15 4
2 26 14
t 1645 3.875968992248062
m 2 14
0 31 7
1 14 4
2 26 15
t 1644 3.875968992248062
m 2 14
0 31 6
1 13 4
2 25 15
t 1643 3.875968992248062
m 2 13
0 30 6
1 14 4
2 26 15
t 1642 4.651162790697675
m 2 13
0 29 6
1 15 4
2 25 15
t 1641 4.651162790697675
m 2 13
0 28 6
1 16 4
2 24 15
t 1640 4.651162790697675
m 2 12
0 27 6
1 15 4
2 23 15
t 1639 4.651162790697675
m 2 13
0 28 6
1 14 4
2 22 15
t 1638 4.651162790697675
m 3 13
0 27 6
1 13 4
2 21 15
t 1637 4.651162790697675
m 4 13
0 28 6
1 13 3
2 22 15
t 1636 4.651162790697675
m 5 13
0 29 6
1 13 2
2 22 16
t 1635 5.426356589147287
m 5 13
0 30 6
1 12 2
2 22 15
t 1634 5.426356589147287
m 6 13
0 31 6
1 13 2
2 23 15
t 1633 5.426356589147287
m 7 13
0 31 7
1 14 2
2 24 15
t 1632 5.426356589147287
m 8 13
0 31 6
1 13 2
2 25 15
t 1631 6.2015503875969
m 8 14
0 31 7
1 12 2
2 26 15
t 1630 6.2015503875969
m 8 15
0 31 8
1 13 2
2 27 15
t 1629 6.2015503875969
m 8 15
0 32 8
1 12 2
2 28 15
t 1628 6.2015503875969
m 7 15
0 33 8
1 11 2
2 27 15
t 1627 6.2015503875969
m 8 15
0 34 8
1 12 2
2 28 15
t 1626 6.2015503875969
m 7 15
0 34 7
1 11 2
2 29 15
t 1625 6.2015503875969
m 6 15
0 34 8
1 10 2
2 30 15
t 1624 6.976744186046512
m 6 15
0 34 7
1 9 2
2 29 15
t 1623 6.976744186046512
m 7 15
0 34 6
1 9 3
2 30 15
t 1622 6.976744186046512
m 8 15
0 34 7
1 9 2
2 31 15
t 1621 6.976744186046512
m 8 15
0 34 6
1 10 2
2 32 15
t 1620 6.976744186046512
m 9 15
0 34 5
1 9 2
2 31 15
t 1619 7.751937984496124
m 9 15
0 34 4
1 9 3
2 32 15
t 1618 7.751937984496124
m 8 15
0 34 5
1 9 4
2 31 15
t 1617 7.751937984496124
m 7 15
0 34 6
1 9 5
2 30 15
t 1616 7.751937984496124
m 8 15
0 34 7
1 9 4
2 29 15
t 1615 7.751937984496124
m 8 15
0 34 6
1 9 5
2 30 15
t 1614 7.751937984496124
m 8 15
0 34 5
1 10 5
2 31 15
t 1613 7.751937984496124
m 7 15
0 34 6
1 11 5
2 32 15
t 1612 7.751937984496124
m 7 15
0 34 5
1 12 5
2 33 15
t 1611 7.751937984496124
m 7 15
0 34 6
1 11 5
2 32 15
t 1610 7.751937984496124
m 8 15
0 34 5
1 12 5
2 32 16
t 1609 7.751937984496124
m 8 14
0 34 4
1 13 5
2 32 17
t 1608 7.751937984496124
m 8 13
0 34 5
1 12 5
2 32 16
t 1607 7.751937984496124
m 9 13
0 34 4
1 11 5
2 32 15
t 1606 7.751937984496124
m 8 13
0 34 5
1 10 5
2 32 16
t 1605 7.751937984496124
m 8 13
0 34 4
1 9 5
2 32 15
t 1604 7.751937984496124
m 8 13
0 34 3
1 9 6
2 32 16
t 1603 7.751937984496124
m 9 13
0 33 3
1 8 6
2 32 15
t 1602 7.751937984496124
m 8 13
0 32 3
1 7 6
2 33 15
t 1601 7.751937984496124
m 7 13
0 31 3
1 6 6
2 32 15
t 1600 7.751937984496124
m 8 13
0 30 3
1 5 6
2 31 15
t 1599 7.751937984496124
m 9 13
0 29 3
1 4 6
2 32 15
t 1598 7.751937984496124
m 9 13
0 28 3
1 3 6
2 32 14
t 1597 7.751937984496124
m 10 13
0 29 3
1 3 7
2 32 13
t 1596 7.751937984496124
m 9 13
0 29 4
1 3 8
2 32 12
t 1595 7.751937984496124
m 9 13
0 29 5
1 4 8
2 32 13
t 1594 7.751937984496124
m 9 13
0 29 4
1 3 8
2 32 12
t 1593 7.751937984496124
m 9 13
0 29 3
1 3 7
2 32 11
t 1592 7.751937984496124
m 9 13
0 30 3
1 3 6
2 32 12
t 1591 7.751937984496124
m 8 13
0 31 3
1 4 6
2 32 11
t 1590 7.751937984496124
m 9 13
0 30 3
1 3 6
2 31 11
t 1589 7.751937984496124
m 8 13
0 29 3
1 4 6
2 30 11
t 1588 7.751937984496124
m 8 14
0 29 4
1 5 6
2 29 11
t 1587 7.751937984496124
m 8 13
0 29 5
1 5 5
2 28 11
t 1586 7.751937984496124
m 7 13
0 29 4
1 5 4
2 29 11
t 1585 7.751937984496124
m 8 13
0 29 5
1 5 3
2 30 11
t 1584 7.751937984496124
m 8 14
0 29 6
1 6 3
2 29 11
t 1583 7.751937984496124
m 8 13
0 30 6
1 7 3
2 30 11
t 1582 7.751937984496124
m 8 13
0 29 6
1 7 2
2 31 11
t 1581 7.751937984496124
m 9 13
0 30 6
1 7 3
2 32 11
t 1580 7.751937984496124
m 10 13
0 31 6
1 8 3
2 32 12
t 1579 7.751937984496124
m 11 13
0 30 6
1 9 3
2 32 13
t 1578 8.527131782945736
m 10 13
0 29 6
1 8 3
2 32 14
t 1577 8.527131782945736
m 9 13
0 28 6
1 7 3
2 32 13
t 1576 8.527131782945736
m 10 13
0 27 6
1 8 3
2 31 13
t 1575 8.527131782945736
m 10 13
0 26 6
1 9 3
2 30 13
t 1574 8.527131782945736
m 9 13
0 27 6
1 9 2
2 29 13
t 1573 8.527131782945736
m 9 13
0 28 6
1 10 2
2 28 13
t 1572 8.527131782945736
m 9 13
0 29 6
1 11 2
2 29 13
t 1571 8.527131782945736
m 8 13
0 28 6
1 12 2
2 30 13
t 1570 8.527131782945736
m 8 13
0 27 6
1 13 2
2 29 13
t 1569 8.527131782945736
m 8 13
0 26 6
1 14 2
2 28 13
t 1568 8.527131782945736
m 7 13
0 27 6
1 15 2
2 29 13
t 1567 8.527131782945736
m 6 13
0 26 6
1 14 2
2 30 13
t 1566 8.527131782945736
m 6 13
0 27 6
1 15 2
2 31 13
t 1565 8.527131782945736
m 6 13
0 26 6
1 14 2
2 32 13
t 1564 8.527131782945736
m 5 13
0 25 6
1 13 2
2 32 12
t 1563 8.527131782945736
m 5 13
0 26 6
1 14 2
2 32 13
t 1562 8.527131782945736
m 5 13
0 27 6
1 15 2
2 31 13
t 1561 8.527131782945736
m 5 13
0 28 6
1 16 2
2 30 13
t 1560 8.527131782945736
m 6 13
0 27 6
1 15 2
2 31 13
t 1559 8.527131782945736
m 7 13
0 28 6
1 14 2
2 30 13
t 1558 8.527131782945736
m 6 13
0 29 6
1 13 2
2 31 13
t 1557 8.527131782945736
m 7 13
0 30 6
1 12 2
2 32 13
t 1556 8.527131782945736
m 7 13
0 29 6
1 13 2
2 32 12
t 1555 8.527131782945736
m 7 13
0 30 6
1 13 3
2 32 13
t 1554 8.527131782945736
m 7 13
0 29 6
1 13 4
2 32 12
t 1553 8.527131782945736
m 8 13
0 30 6
1 13 5
2 32 13
t 1552 8.527131782945736
m 8 14
0 29 6
1 12 5
2 32 12
t 1551 8.527131782945736
m 8 15
0 29 5
1 13 5
2 32 11
t 1550 8.527131782945736
m 9 15
0 29 6
1 12 5
2 32 12
t 1549 8.527131782945736
m 8 15
0 28 6
1 11 5
2 32 13
t 1548 8.527131782945736
m 9 15
0 29 6
1 12 5
2 32 14
t 1547 8.527131782945736
m 9 15
0 28 6
1 11 5
2 32 15
t 1546 8.527131782945736
m 10 15
0 29 6
1 12 5
2 33 15
t 1545 8.527131782945736
m 11 15
0 28 6
1 13 5
2 32 15
t 1544 8.527131782945736
m 10 15
0 27 6
1 12 5
2 32 14
t 1543 8.527131782945736
m 11 15
0 28 6
1 13 5
2 32 15
t 1542 8.527131782945736
m 10 15
0 27 6
1 12 5
2 32 14
t 1541 8.527131782945736
m 10 15
0 28 6
1 11 5
2 32 13
t 1540 8.527131782945736
m 11 15
0 29 6
1 12 5
2 32 12
t 1539 8.527131782945736
m 11 15
0 29 5
1 13 5
2 32 13
t 1538 8.527131782945736
m 12 15
0 29 4
1 12 5
2 32 14
t 1537 9.30232558139535
m 12 16
0 29 3
1 13 5
2 32 13
t 1536 9.30232558139535
m 12 15
0 30 3
1 13 4
2 32 14
t 1535 9.30232558139535
m 12 15
0 31 3
1 14 4
2 32 13
t 1534 9.30232558139535
m 11 15
0 30 3
1 15 4
2 32 14
t 1533 9.30232558139535
m 11 15
0 29 3
1 16 4
2 32 15
t 1532 9.30232558139535
m 10 15
0 30 3
1 15 4
2 31 15
t 1531 9.30232558139535
m 11 15
0 29 3
1 16 4
2 30 15
t 1530 9.30232558139535
m 10 15
0 28 3
1 15 4
2 31 15
t 1529 9.30232558139535
m 11 15
0 29 3
1 16 4
2 30 15
t 1528 9.30232558139535
m 10 15
0 29 4
1 15 4
2 31 15
t 1527 9.30232558139535
m 9 15
0 29 3
1 14 4
2 30 15
t 1526 9.30232558139535
m 8 15
0 28 3
1 15 4
2 29 15
t 1525 9.30232558139535
m 9 15
0 27 3
1 14 4
2 30 15
t 1524 9.30232558139535
m 10 15
0 26 3
1 13 4
2 29 15
t 1523 9.30232558139535
m 9 15
0 25 3
1 13 5
2 28 15
t 1522 9.30232558139535
m 9 15
0 25 2
1 12 5
2 27 15
t 1521 9.30232558139535
m 9 15
0 25 3
1 11 5
2 26 15
t 1520 9.30232558139535
m 9 15
0 26 3
1 10 5
2 25 15
t 1519 9.30232558139535
m 10 15
0 25 3
1 9 5
2 26 15
t 1518 9.30232558139535
m 11 15
0 25 2
1 10 5
2 27 15
t 1517 9.30232558139535
m 10 15
0 24 2
1 11 5
2 26 15
t 1516 9.30232558139535
m 11 15
0 23 2
1 12 5
2 25 15
t 1515 9.30232558139535
m 10 15
0 24 2
1 13 5
2 26 15
t 1514 9.30232558139535
m 11 15
0 23 2
1 12 5
2 25 15
t 1513 9.30232558139535
m 12 15
0 24 2
1 13 5
2 24 15
t 1512 9.30232558139535
m 13 15
0 25 2
1 12 5
2 25 15
t 1511 9.30232558139535
m 13 15
0 24 2
1 13 5
2 24 15
t 1510 9.30232558139535
m 14 15
0 23 2
1 12 5
2 25 15
t 1509 9.30232558139535
m 13 15
0 22 2
1 11 5
2 26 15
t 1508 9.30232558139535
m 12 15
0 23 2
1 12 5
2 26 14
t 1507 9.30232558139535
m 12 16
0 24 2
1 13 5
2 26 13
t 1506 9.30232558139535
m 12 15
0 25 2
1 12 5
2 26 14
t 1505 9.30232558139535
m 11 15
0 25 3
1 13 5
2 26 13
t 1504 9.30232558139535
m 11 15
0 26 3
1 13 4
2 26 14
t 1503 9.30232558139535
m 12 15
0 27 3
1 13 3
2 26 15
t 1502 9.30232558139535
m 13 15
0 27 2
1 13 2
2 27 15
t 1501 9.30232558139535
m 13 15
0 27 3
1 12 2
2 28 15
t 1500 9.30232558139535
m 13 15
0 27 2
1 13 2
2 29 15
t 1499 9.30232558139535
m 12 15
0 27 3
1 13 3
2 28 15
t 1498 9.30232558139535
m 12 16
0 28 3
1 13 2
2 27 15
t 1497 9.30232558139535
m 12 15
0 29 3
1 14 2
2 26 15
t 1496 9.30232558139535
m 12 15
0 29 4
1 15 2
2 26 14
t 1495 9.30232558139535
m 12 16
0 29 5
1 16 2
2 26 15
t 1494 9.30232558139535
m 12 17
0 29 6
1 16 1
2 25 15
t 1493 9.30232558139535
m 13 17
0 28 6
1 16 2
2 26 15
t 1492 10.077519379844961
m 13 17
0 27 6
1 15 2
2 26 14
t 1491 10.077519379844961
m 14 17
0 26 6
1 16 2
2 26 15
t 1490 10.077519379844961
m 13 17
0 27 6
1 15 2
2 25 15
t 1489 10.077519379844961
m 14 17
0 26 6
1 14 2
2 24 15
t 1488 10.077519379844961
m 15 17
0 25 6
1 15 2
2 25 15
t 1487 10.077519379844961
m 14 17
0 25 5
1 14 2
2 24 15
t 1486 10.077519379844961
m 14 17
0 24 5
1 13 2
2 23 15
t 1485 10.077519379844961
m 14 17
0 25 5
1 12 2
2 22 15
t 1484 10.077519379844961
m 15 17
0 25 6
1 11 2
2 21 15
t 1483 10.077519379844961
m 14 17
0 25 7
1 10 2
2 22 15
t 1482 10.077519379844961
m 15 17
0 24 7
1 11 2
2 21 15
t 1481 10.077519379844961
m 15 17
0 25 7
1 12 2
2 22 15
t 1480 10.077519379844961
m 15 17
0 25 6
1 13 2
2 21 15
t 1479 10.077519379844961
m 16 17
0 25 5
1 12 2
2 22 15
t 1478 10.852713178294573
m 16 16
0 24 5
1 13 2
2 21 15
t 1477 10.852713178294573
m 16 17
0 25 5
1 12 2
2 20 15
t 1476 10.852713178294573
m 15 17
0 25 6
1 13 2
2 19 15
t 1475 10.852713178294573
m 14 17
0 26 6
1 12 2
2 20 15
t 1474 10.852713178294573
m 13 17
0 27 6
1 11 2
2 21 15
t 1473 10.852713178294573
m 12 17
0 26 6
1 10 2
2 22 15
t 1472 10.852713178294573
m 11 17
0 25 6
1 9 2
2 21 15
t 1471 10.852713178294573
m 11 17
0 26 6
1 10 2
2 20 15
t 1470 10.852713178294573
m 11 17
0 27 6
1 9 2
2 19 15
t 1469 10.852713178294573
m 12 17
0 28 6
1 9 3
2 20 15
t 1468 10.852713178294573
m 12 16
0 27 6
1 9 4
2 19 15
t 1467 10.852713178294573
m 12 15
0 26 6
1 9 3
2 18 15
t 1466 10.852713178294573
m 12 15
0 27 6
1 8 3
2 19 15
t 1465 10.852713178294573
m 12 16
0 26 6
1 7 3
2 18 15
t 1464 10.852713178294573
m 12 17
0 27 6
1 7 2
2 19 15
t 1463 10.852713178294573
m 12 17
0 26 6
1 7 3
2 18 15
t 1462 10.852713178294573
m 12 17
0 27 6
1 7 2
2 18 14
t 1461 10.852713178294573
m 13 17
0 26 6
1 7 1
2 18 15
t 1460 10.852713178294573
m 13 17
0 25 6
1 7 0
2 18 14
t 1459 10.852713178294573
m 13 17
0 25 5
1 6 0
2 18 15
t 1458 10.852713178294573
m 13 17
0 24 5
1 5 0
2 18 14
t 1457 10.852713178294573
m 13 17
0 25 5
1 4 0
2 18 15
t 1456 10.852713178294573
m 14 17
0 25 6
1 3 0
2 18 14
t 1455 10.852713178294573
m 15 17
0 25 5
1 2 0
2 18 13
t 1454 10.852713178294573
m 14 17
0 24 5
1 1 0
2 19 13
t 1453 10.852713178294573
m 14 17
0 23 5
1 0 0
2 18 13
t 1452 10.852713178294573
m 14 17
0 22 5
1 1 0
2 18 14
t 1451 10.852713178294573
m 14 17
0 21 5
1 0 0
2 18 13
t 1450 10.852713178294573
m 13 17
0 22 5
1 0 1
2 19 13
t 1449 10.852713178294573
m 13 17
0 23 5
1 0 2
2 18 13
t 1448 10.852713178294573
m 13 17
0 22 5
1 0 1
2 19 13
t 1447 10.852713178294573
m 13 17
0 23 5
1 0 2
2 20 13
t 1446 10.852713178294573
m 14 17
0 24 5
1 0 3
2 21 13
t 1445 10.852713178294573
m 13 17
0 25 5
1 1 3
2 21 12
t 1444 10.852713178294573
m 12 17
0 25 6
1 0 3
2 21 11
t 1443 10.852713178294573
m 12 16
0 25 7
1 0 4
2 21 10
t 1442 10.852713178294573
m 12 15
0 24 7
1 0 3
2 21 9
t 1441 10.852713178294573
m 11 15
0 25 7
1 1 3
2 20 9
t 1440 10.852713178294573
m 10 15
0 25 6
1 2 3
2 19 9
t 1439 10.852713178294573
m 10 15
0 25 7
1 1 3
2 20 9
t 1438 10.852713178294573
m 11 15
0 25 6
1 0 3
2 21 9
t 1437 10.852713178294573
m 11 15
0 26 6
1 0 4
2 21 8
t 1436 10.852713178294573
m 10 15
0 25 6
1 0 3
2 21 9
t 1435 10.852713178294573
m 9 15
0 25 5
1 1 3
2 20 9
t 1434 10.852713178294573
m 9 15
0 25 4
1 0 3
2 19 9
t 1433 10.852713178294573
m 9 15
0 25 5
1 0 2
2 18 9
t 1432 10.852713178294573
m 8 15
0 24 5
1 0 1
2 19 9
t 1431 10.852713178294573
m 8 15
0 25 5
1 0 2
2 18 9
t 1430 10.852713178294573
m 9 15
0 25 6
1 0 3
2 17 9
t 1429 10.852713178294573
m 10 15
0 25 7
1 0 4
2 16 9
t 1428 10.852713178294573
m 11 15
0 25 6
1 0 3
2 17 9
t 1427 10.852713178294573
m 12 15
0 26 6
1 0 4
2 18 9
t 1426 10.852713178294573
m 11 15
0 25 6
1 0 3
2 17 9
t 1425 10.852713178294573
m 10 15
0 25 5
1 0 4
2 18 9
t 1424 10.852713178294573
m 10 15
0 25 6
1 0 5
2 19 9
t 1423 10.852713178294573
m 11 15
0 26 6
1 0 6
2 18 9
t 1422 10.852713178294573
m 12 15
0 25 6
1 0 5
2 19 9
t 1421 10.852713178294573
m 12 15
0 25 7
1 0 6
2 18 9
t 1420 10.852713178294573
m 13 15
0 25 6
1 0 5
2 17 9
t 1419 10.852713178294573
m 12 15
0 25 5
1 0 4
2 17 10
t 1418 10.852713178294573
m 12 15
0 25 6
1 0 5
2 17 9
t 1417 10.852713178294573
m 13 15
0 26 6
1 0 4
2 17 10
t 1416 10.852713178294573
m 12 15
0 27 6
1 0 3
2 17 11
t 1415 10.852713178294573
m 12 15
0 26 6
1 0 2
2 16 11
t 1414 10.852713178294573
m 13 15
0 25 6
1 0 1
2 17 11
t 1413 10.852713178294573
m 14 15
0 25 5
1 0 0
2 16 11
t 1412 10.852713178294573
m 14 15
0 25 6
1 1 0
2 15 11
t 1411 10.852713178294573
m 13 15
0 25 5
1 0 0
2 16 11
t 1410 10.852713178294573
m 13 15
0 25 4
1 0 1
2 15 11
t 1409 10.852713178294573
m 13 15
0 25 5
1 0 2
2 14 11
t 1408 10.852713178294573
m 13 15
0 25 6
1 0 3
2 13 11
t 1407 10.852713178294573
m 12 15
0 25 5
1 0 2
2 13 10
t 1406 10.852713178294573
m 11 15
0 25 6
1 0 1
2 13 9
t 1405 10.852713178294573
m 12 15
0 26 6
1 0 2
2 13 10
t 1404 10.852713178294573
m 11 15
0 27 6
1 0 1
2 13 9
t 1403 10.852713178294573
m 12 15
0 28 6
1 0 0
2 13 10
t 1402 10.852713178294573
m 12 15
0 29 6
1 1 0
2 13 9
t 1401 10.852713178294573
m 13 15
0 29 5
1 2 0
2 14 9
t 1400 10.852713178294573
m 14 15
0 29 6
1 1 0
2 15 9
t 1399 10.852713178294573
m 15 15
0 28 6
1 0 0
2 16 9
t 1398 11.627906976744185
m 15 15
0 27 6
1 0 1
2 15 9
t 1397 11.627906976744185
m 14 15
0 26 6
1 0 0
2 14 9
t 1396 11.627906976744185
m 15 15
0 27 6
1 0 1
2 15 9
t 1395 11.627906976744185
m 16 15
0 28 6
1 0 2
2 16 9
t 1394 11.627906976744185
m 15 15
0 29 6
1 0 1
2 17 9
t 1393 11.627906976744185
m 16 15
0 29 5
1 0 0
2 18 9
t 1392 11.627906976744185
m 16 16
0 29 4
1 1 0
2 17 9
t 1391 11.627906976744185
m 16 15
0 29 5
1 0 0
2 17 10
t 1390 11.627906976744185
m 16 16
0 29 6
1 0 1
2 17 11
t 1389 11.627906976744185
m 16 15
0 29 5
1 0 2
2 17 10
t 1388 11.627906976744185
m 16 16
0 29 4
1 0 1
2 17 9
t 1387 11.627906976744185
m 16 15
0 29 3
1 0 0
2 17 10
t 1386 11.627906976744185
m 16 16
0 30 3
1 0 1
2 17 11
t 1385 11.627906976744185
m 16 16
0 29 3
1 0 2
2 17 10
t 1384 11.627906976744185
m 16 15
0 30 3
1 0 1
2 17 9
t 1383 11.627906976744185
m 16 16
0 31 3
1 0 2
2 17 10
t 1382 11.627906976744185
m 16 15
0 32 3
1 0 1
2 17 9
t 1381 11.627906976744185
m 15 15
0 31 3
1 0 2
2 16 9
t 1380 11.627906976744185
m 16 15
0 32 3
1 0 3
2 17 9
t 1379 11.627906976744185
m 15 15
0 33 3
1 1 3
2 18 9
t 1378 11.627906976744185
m 14 15
0 32 3
1 2 3
2 17 9
t 1377 11.627906976744185
m 13 15
0 31 3
1 3 3
2 17 10
t 1376 11.627906976744185
m 14 15
0 32 3
1 2 3
2 17 9
t 1375 11.627906976744185
m 14 15
0 33 3
1 3 3
2 17 10
t 1374 11.627906976744185
m 15 15
0 34 3
1 4 3
2 17 9
t 1373 11.627906976744185
m 14 15
0 34 2
1 5 3
2 18 9
t 1372 11.627906976744185
m 13 15
0 34 1
1 4 3
2 17 9
t 1371 11.627906976744185
m 14 15
0 34 2
1 5 3
2 18 9
t 1370 11.627906976744185
m 13 15
0 34 3
1 4 3
2 19 9
t 1369 11.627906976744185
m 13 15
0 34 4
1 3 3
2 20 9
t 1368 11.627906976744185
m 12 15
0 34 3
1 4 3
2 21 9
t 1367 11.627906976744185
m 13 15
0 34 2
1 5 3
2 21 8
t 1366 11.627906976744185
m 13 15
0 34 3
1 5 4
2 21 7
t 1365 11.627906976744185
m 13 15
0 33 3
1 5 5
2 21 8
t 1364 11.627906976744185
m 12 15
0 34 3
1 5 6
2 21 9
t 1363 11.627906976744185
m 13 15
0 34 4
1 6 6
2 20 9
t 1362 11.627906976744185
m 13 15
0 34 3
1 5 6
2 21 9
t 1361 11.627906976744185
m 13 15
0 34 2
1 4 6
2 21 10
t 1360 11.627906976744185
m 13 15
0 34 3
1 3 6
2 21 9
t 1359 11.627906976744185
m 12 15
0 33 3
1 3 7
2 21 10
t 1358 11.627906976744185
m 12 15
0 34 3
1 3 6
2 21 11
t 1357 11.627906976744185
m 12 15
0 33 3
1 3 7
2 20 11
t 1356 11.627906976744185
m 13 15
0 32 3
1 3 8
2 21 11
t 1355 11.627906976744185
m 12 15
0 33 3
1 2 8
2 20 11
t 1354 11.627906976744185
m 12 16
0 32 3
1 3 8
2 21 11
t 1353 11.627906976744185
m 12 15
0 31 3
1 3 9
2 21 10
t 1352 11.627906976744185
m 13 15
0 32 3
1 3 8
2 21 11
t 1351 11.627906976744185
m 13 15
0 33 3
1 3 9
2 21 10
t 1350 11.627906976744185
m 13 15
0 32 3
1 3 10
2 21 9
t 1349 11.627906976744185
m 13 15
0 31 3
1 3 9
2 20 9
t 1348 11.627906976744185
m 14 15
0 32 3
1 3 10
2 19 9
t 1347 11.627906976744185
m 13 15
0 31 3
1 3 11
2 20 9
t 1346 11.627906976744185
m 14 15
0 32 3
1 2 11
2 19 9
t 1345 11.627906976744185
m 14 15
0 31 3
1 2 12
2 18 9
t 1344 11.627906976744185
m 14 15
0 30 3
1 2 13
2 17 9
t 1343 11.627906976744185
m 15 15
0 31 3
1 2 14
2 16 9
t 1342 11.627906976744185
m 15 15
0 30 3
1 2 15
2 17 9
t 1341 11.627906976744185
m 14 15
0 29 3
1 3 15
2 16 9
t 1340 11.627906976744185
m 14 15
0 29 4
1 2 15
2 15 9
t 1339 11.627906976744185
m 14 15
0 29 3
1 2 14
2 16 9
t 1338 11.627906976744185
m 14 15
0 29 4
1 2 15
2 17 9
t 1337 11.627906976744185
m 13 15
0 29 5
1 2 16
2 18 9
t 1336 11.627906976744185
m 14 15
0 29 6
1 2 17
2 17 9
t 1335 11.627906976744185
m 15 15
0 30 6
1 2 16
2 17 10
t 1334 11.627906976744185
m 16 15
0 31 6
1 2 17
2 17 9
t 1333 11.627906976744185
m 16 16
0 30 6
1 2 16
2 17 10
t 1332 11.627906976744185
m 16 16
0 29 6
1 2 15
2 17 11
t 1331 11.627906976744185
m 16 16
0 30 6
1 2 14
2 18 11
t 1330 11.627906976744185
m 16 15
0 31 6
1 2 15
2 19 11
t 1329 11.627906976744185
m 16 15
0 31 7
1 2 16
2 18 11
t 1328 11.627906976744185
m 16 16
0 31 8
1 2 17
2 19 11
t 1327 11.627906976744185
m 16 17
0 31 9
1 3 17
2 18 11
t 1326 11.627906976744185
m 17 17
0 31 8
1 2 17
2 17 11
t 1325 11.627906976744185
m 16 17
0 32 8
1 3 17
2 18 11
t 1324 11.627906976744185
m 17 17
0 33 8
1 2 17
2 17 11
t 1323 11.627906976744185
m 18 17
0 32 8
1 2 16
2 17 10
t 1322 11.627906976744185
m 18 16
0 31 8
1 2 17
2 17 9
t 1321 11.627906976744185
m 18 17
0 32 8
1 3 17
2 16 9
t 1320 11.627906976744185
m 17 17
0 33 8
1 2 17
2 15 9
t 1319 11.627906976744185
m 17 17
0 32 8
1 2 16
2 14 9
t 1318 11.627906976744185
m 17 17
0 31 8
1 2 17
2 13 9
t 1317 11.627906976744185
m 18 17
0 32 8
1 3 17
2 13 8
t 1316 11.627906976744185
m 19 17
0 33 8
1 2 17
2 13 9
t 1315 12.4031007751938
m 19 17
0 32 8
1 2 16
2 14 9
t 1314 12.4031007751938
m 20 17
0 33 8
1 2 17
2 15 9
t 1313 12.4031007751938
m 20 17
0 32 8
1 3 17
2 16 9
t 1312 12.4031007751938
m 20 17
0 33 8
1 2 17
2 15 9
t 1311 12.4031007751938
m 21 17
0 32 8
1 2 16
2 14 9
t 1310 12.4031007751938
m 20 17
0 31 8
1 2 17
2 13 9
t 1309 12.4031007751938
m 19 17
0 32 8
1 2 16
2 14 9
t 1308 12.4031007751938
m 19 17
0 33 8
1 2 15
2 15 9
t 1307 12.4031007751938
m 18 17
0 34 8
1 2 14
2 14 9
t 1306 12.4031007751938
m 19 17
0 33 8
1 2 13
2 15 9
t 1305 12.4031007751938
m 19 17
0 32 8
1 2 14
2 14 9
t 1304 12.4031007751938
m 18 17
0 31 8
1 2 15
2 15 9
t 1303 12.4031007751938
m 18 16
0 31 9
1 2 14
2 14 9
t 1302 12.4031007751938
m 18 17
0 31 10
1 2 15
2 15 9
t 1301 12.4031007751938
m 18 17
0 31 11
1 2 16
2 14 9
t 1300 12.4031007751938
m 19 17
0 30 11
1 2 17
2 15 9
t 1299 12.4031007751938
m 18 17
0 31 11
1 3 17
2 14 9
t 1298 12.4031007751938
m 18 17
0 32 11
1 2 17
2 13 9
t 1297 12.4031007751938
m 18 18
0 32 12
1 2 16
2 13 8
t 1296 13.178294573643411
m 18 18
0 32 13
1 2 15
2 13 9
t 1295 13.178294573643411
m 18 19
0 31 13
1 1 15
2 13 8
t 1294 13.178294573643411
m 18 19
0 30 13
1 0 15
2 13 9
t 1293 13.178294573643411
m 19 19
0 29 13
1 1 15
2 13 10
t 1292 13.178294573643411
m 19 19
0 30 13
1 0 15
2 13 9
t 1291 13.178294573643411
m 18 19
0 31 13
1 0 14
2 14 9
t 1290 13.178294573643411
m 18 18
0 30 13
1 0 13
2 13 9
t 1289 13.178294573643411
m 18 17
0 29 13
1 0 12
2 14 9
t 1288 13.178294573643411
m 18 17
0 30 13
1 0 13
2 13 9
t 1287 13.178294573643411
m 18 17
0 31 13
1 0 14
2 13 8
t 1286 13.178294573643411
m 19 17
0 32 13
1 0 13
2 13 7
t 1285 13.178294573643411
m 18 17
0 32 14
1 0 12
2 13 8
t 1284 13.178294573643411
m 17 17
0 32 13
1 0 13
2 13 7
t 1283 13.178294573643411
m 18 17
0 32 14
1 0 12
2 14 7
t 1282 13.178294573643411
m 17 17
0 32 15
1 0 13
2 13 7
t 1281 13.178294573643411
m 18 17
0 31 15
1 0 14
2 12 7
t 1280 13.178294573643411
m 17 17
0 30 15
1 0 15
2 13 7
t 1279 13.178294573643411
m 18 17
0 31 15
1 0 16
2 13 8
t 1278 13.178294573643411
m 18 16
0 32 15
1 0 15
2 13 9
t 1277 13.178294573643411
m 18 17
0 33 15
1 0 16
2 14 9
t 1276 13.178294573643411
m 17 17
0 34 15
1 0 15
2 13 9
t 1275 13.178294573643411
m 17 17
0 34 14
1 0 16
2 13 8
t 1274 13.178294573643411
m 16 17
0 34 15
1 0 17
2 13 9
t 1273 13.178294573643411
m 16 16
0 33 15
1 0 18
2 14 9
t 1272 13.178294573643411
m 16 15
0 32 15
1 0 19
2 15 9
t 1271 13.178294573643411
m 16 14
0 33 15
1 1 19
2 14 9
t 1270 13.953488372093023
m 16 15
0 34 15
1 0 19
2 15 9
t 1269 13.953488372093023
m 15 15
0 34 14
1 0 18
2 14 9
t 1268 13.953488372093023
m 15 15
0 34 15
1 0 19
2 13 9
t 1267 13.953488372093023
m 15 15
0 34 16
1 0 18
2 13 10
t 1266 13.953488372093023
m 14 15
0 34 15
1 0 19
2 13 11
t 1265 13.953488372093023
m 14 15
0 33 15
1 0 18
2 13 10
t 1264 13.953488372093023
m 14 15
0 32 15
1 0 19
2 13 11
t 1263 13.953488372093023
m 13 15
0 32 14
1 1 19
2 13 12
t 1262 13.953488372093023
m 12 15
0 32 13
1 0 19
2 13 13
t 1261 13.953488372093023
m 11 15
0 32 14
1 1 19
2 12 13
t 1260 13.953488372093023
m 10 15
0 32 15
1 0 19
2 11 13
t 1259 13.953488372093023
m 11 15
0 32 16
1 1 19
2 10 13
t 1258 13.953488372093023
m 10 15
0 32 15
1 2 19
2 9 13
t 1257 13.953488372093023
m 10 15
0 33 15
1 3 19
2 8 13
t 1256 13.953488372093023
m 9 15
0 32 15
1 2 19
2 9 13
t 1255 13.953488372093023
m 8 15
0 31 15
1 3 19
2 8 13
t 1254 13.953488372093023
m 9 15
0 30 15
1 4 19
2 8 14
t 1253 13.953488372093023
m 10 15
0 31 15
1 5 19
2 8 15
t 1252 13.953488372093023
m 10 15
0 32 15
1 4 19
2 7 15
t 1251 13.953488372093023
m 9 15
0 32 14
1 3 19
2 8 15
t 1250 13.953488372093023
m 8 15
0 32 15
1 2 19
2 7 15
t 1249 13.953488372093023
m 8 14
0 33 15
1 3 19
2 6 15
t 1248 13.953488372093023
m 8 13
0 32 15
1 2 19
2 7 15
t 1247 13.953488372093023
m 7 13
0 32 14
1 1 19
2 6 15
t 1246 13.953488372093023
m 7 13
0 32 15
1 2 19
2 7 15
t 1245 13.953488372093023
m 6 13
0 33 15
1 1 19
2 6 15
t 1244 13.953488372093023
m 6 13
0 34 15
1 0 19
2 5 15
t 1243 13.953488372093023
m 7 13
0 34 14
1 0 18
2 4 15
t 1242 13.953488372093023
m 8 13
0 34 15
1 0 17
2 3 15
t 1241 13.953488372093023
m 7 13
0 33 15
1 0 16
2 4 15
t 1240 13.953488372093023
m 7 13
0 32 15
1 0 17
2 3 15
t 1239 13.953488372093023
m 6 13
0 32 16
1 0 16
2 2 15
t 1238 13.953488372093023
m 5 13
0 32 17
1 0 17
2 3 15
t 1237 13.953488372093023
m 6 13
0 32 16
1 0 16
2 4 15
t 1236 13.953488372093023
m 5 13
0 32 15
1 0 17
2 3 15
t 1235 13.953488372093023
m 6 13
0 32 14
1 0 18
2 4 15
t 1234 13.953488372093023
m 5 13
0 32 15
1 0 17
2 3 15
t 1233 13.953488372093023
m 4 13
0 31 15
1 0 16
2 4 15
t 1232 13.953488372093023
m 3 13
0 30 15
1 0 15
2 3 15
t 1231 13.953488372093023
m 3 13
0 29 15
1 0 16
2 2 15
t 1230 13.953488372093023
m 3 13
0 30 15
1 0 15
2 2 16
t 1229 13.953488372093023
m 2 13
0 29 15
1 0 16
2 2 17
t 1228 13.953488372093023
m 3 13
0 30 15
1 0 15
2 3 17
t 1227 13.953488372093023
m 2 13
0 31 15
1 0 16
2 2 17
t 1226 13.953488372093023
m 2 13
0 32 15
1 0 15
2 3 17
t 1225 13.953488372093023
m 2 14
0 31 15
1 0 14
2 4 17
t 1224 13.953488372093023
m 2 15
0 30 15
1 0 15
2 5 17
t 1223 13.953488372093023
m 2 14
0 29 15
1 0 14
2 4 17
t 1222 13.953488372093023
m 2 14
0 30 15
1 0 13
2 3 17
t 1221 13.953488372093023
m 2 13
0 31 15
1 0 12
2 2 17
t 1220 13.953488372093023
m 3 13
0 30 15
1 0 11
2 3 17
t 1219 13.953488372093023
m 2 13
0 29 15
1 0 12
2 2 17
t 1218 13.953488372093023
m 2 13
0 28 15
1 0 13
2 3 17
t 1217 13.953488372093023
m 2 13
0 27 15
1 0 12
2 2 17
t 1216 13.953488372093023
m 2 14
0 26 15
1 0 13
2 3 17
t 1215 13.953488372093023
m 2 15
0 26 14
1 0 14
2 2 17
t 1214 13.953488372093023
m 2 15
0 26 15
1 0 15
2 3 17
t 1213 13.953488372093023
m 3 15
0 25 15
1 0 14
2 2 17
t 1212 13.953488372093023
m 3 15
0 24 15
1 0 13
2 3 17
t 1211 13.953488372093023
m 4 15
0 23 15
1 0 12
2 2 17
t 1210 13.953488372093023
m 5 15
0 24 15
1 0 11
2 3 17
t 1209 13.953488372093023
m 6 15
0 25 15
1 1 11
2 4 17
t 1208 13.953488372093023
m 5 15
0 26 15
1 0 11
2 5 17
t 1207 13.953488372093023
m 6 15
0 27 15
1 0 12
2 4 17
t 1206 13.953488372093023
m 7 15
0 26 15
1 0 11
2 5 17
t 1205 13.953488372093023
m 7 15
0 25 15
1 1 11
2 4 17
t 1204 13.953488372093023
m 8 15
0 24 15
1 2 11
2 5 17
t 1203 13.953488372093023
m 7 15
0 25 15
1 1 11
2 4 17
t 1202 13.953488372093023
m 6 15
0 26 15
1 2 11
2 5 17
t 1201 13.953488372093023
m 6 15
0 25 15
1 2 12
2 6 17
t 1200 13.953488372093023
m 7 15
0 24 15
1 2 11
2 7 17
t 1199 13.953488372093023
m 7 15
0 25 15
1 3 11
2 7 18
t 1198 13.953488372093023
m 8 15
0 26 15
1 4 11
2 7 19
t 1197 13.953488372093023
m 8 15
0 26 14
1 5 11
2 8 19
t 1196 13.953488372093023
m 7 15
0 26 15
1 4 11
2 9 19
t 1195 13.953488372093023
m 7 15
0 26 14
1 3 11
2 8 19
t 1194 13.953488372093023
m 7 15
0 26 15
1 3 10
2 7 19
t 1193 13.953488372093023
m 8 15
0 25 15
1 3 9
2 8 19
t 1192 13.953488372093023
m 8 15
0 26 15
1 3 8
2 9 19
t 1191 13.953488372093023
m 8 14
0 26 14
1 3 9
2 10 19
t 1190 13.953488372093023
m 8 13
0 26 13
1 3 10
2 11 19
t 1189 13.953488372093023
m 8 13
0 25 13
1 3 9
2 12 19
t 1188 13.953488372093023
m 7 13
0 26 13
1 3 8
2 11 19
t 1187 13.953488372093023
m 8 13
0 27 13
1 2 8
2 10 19
t 1186 13.953488372093023
m 9 13
0 28 13
1 1 8
2 9 19
t 1185 13.953488372093023
m 9 13
0 27 13
1 2 8
2 10 19
t 1184 13.953488372093023
m 9 13
0 28 13
1 3 8
2 11 19
t 1183 13.953488372093023
m 9 13
0 27 13
1 4 8
2 10 19
t 1182 13.953488372093023
m 9 13
0 28 13
1 5 8
2 11 19
t 1181 13.953488372093023
m 10 13
0 29 13
1 6 8
2 12 19
t 1180 13.953488372093023
m 9 13
0 28 13
1 6 9
2 11 19
t 1179 13.953488372093023
m 9 13
0 27 13
1 7 9
2 12 19
t 1178 13.953488372093023
m 9 13
0 28 13
1 6 9
2 13 19
t 1177 13.953488372093023
m 8 13
0 27 13
1 7 9
2 14 19
t 1176 13.953488372093023
m 8 14
0 28 13
1 6 9
2 13 19
t 1175 13.953488372093023
m 8 14
0 27 13
1 7 9
2 12 19
t 1174 13.953488372093023
m 8 15
0 26 13
1 6 9
2 13 19
t 1173 13.953488372093023
m 9 15
0 27 13
1 6 10
2 12 19
t 1172 13.953488372093023
m 9 15
0 28 13
1 6 11
2 11 19
t 1171 13.953488372093023
m 8 15
0 29 13
1 7 11
2 12 19
t 1170 13.953488372093023
m 9 15
0 28 13
1 6 11
2 13 19
t 1169 13.953488372093023
m 8 15
0 27 13
1 6 10
2 14 19
t 1168 13.953488372093023
m 7 15
0 28 13
1 6 11
2 13 19
t 1167 13.953488372093023
m 7 15
0 27 13
1 6 10
2 14 19
t 1166 13.953488372093023
m 6 15
0 26 13
1 6 9
2 13 19
t 1165 13.953488372093023
m 7 15
0 27 13
1 6 8
2 12 19
t 1164 13.953488372093023
m 7 15
0 26 13
1 5 8
2 13 19
t 1163 13.953488372093023
m 6 15
0 26 14
1 6 8
2 14 19
t 1162 13.953488372093023
m 6 15
0 26 13
1 5 8
2 15 19
t 1161 13.953488372093023
m 5 15
0 27 13
1 6 8
2 14 19
t 1160 13.953488372093023
m 5 15
0 28 13
1 6 9
2 13 19
t 1159 13.953488372093023
m 4 15
0 29 13
1 6 8
2 12 19
t 1158 13.953488372093023
m 5 15
0 30 13
1 6 9
2 11 19
t 1157 13.953488372093023
m 6 15
0 31 13
1 6 8
2 12 19
t 1156 13.953488372093023
m 6 15
0 32 13
1 6 9
2 13 19
t 1155 13.953488372093023
m 5 15
0 32 12
1 6 8
2 12 19
t 1154 13.953488372093023
m 5 15
0 32 13
1 5 8
2 13 19
t 1153 13.953488372093023
m 4 15
0 32 12
1 6 8
2 14 19
t 1152 13.953488372093023
m 5 15
0 32 11
1 5 8
2 15 19
t 1151 13.953488372093023
m 5 15
0 32 12
1 6 8
2 16 19
t 1150 13.953488372093023
m 5 15
0 32 11
1 6 9
2 15 19
t 1149 13.953488372093023
m 5 15
0 31 11
1 6 10
2 16 19
t 1148 13.953488372093023
m 6 15
0 31 10
1 6 9
2 15 19
t 1147 13.953488372093023
m 7 15
0 31 11
1 6 10
2 14 19
t 1146 13.953488372093023
m 7 15
0 30 11
1 6 9
2 13 19
t 1145 13.953488372093023
m 7 15
0 31 11
1 7 9
2 14 19
t 1144 13.953488372093023
m 7 15
0 32 11
1 8 9
2 15 19
t 1143 13.953488372093023
m 7 15
0 31 11
1 7 9
2 16 19
t 1142 13.953488372093023
m 6 15
0 30 11
1 8 9
2 16 18
t 1141 13.953488372093023
m 5 15
0 29 11
1 7 9
2 16 19
t 1140 13.953488372093023
m 4 15
0 30 11
1 6 9
2 16 18
t 1139 13.953488372093023
m 3 15
0 29 11
1 6 8
2 16 17
t 1138 13.953488372093023
m 4 15
0 28 11
1 5 8
2 15 17
t 1137 13.953488372093023
m 3 15
0 27 11
1 4 8
2 14 17
t 1136 13.953488372093023
m 4 15
0 26 11
1 3 8
2 15 17
t 1135 13.953488372093023
m 5 15
0 27 11
1 3 7
2 14 17
t 1134 13.953488372093023
m 5 15
0 26 11
1 3 6
2 13 17
t 1133 13.953488372093023
m 6 15
0 25 11
1 3 7
2 12 17
t 1132 13.953488372093023
m 6 15
0 24 11
1 3 8
2 12 16
t 1131 13.953488372093023
m 5 15
0 25 11
1 3 7
2 12 17
t 1130 13.953488372093023
m 4 15
0 24 11
1 3 6
2 11 17
t 1129 13.953488372093023
m 3 15
0 23 11
1 4 6
2 10 17
t 1128 13.953488372093023
m 4 15
0 24 11
1 3 6
2 11 17
t 1127 13.953488372093023
m 4 15
0 25 11
1 4 6
2 12 17
t 1126 13.953488372093023
m 3 15
0 26 11
1 5 6
2 13 17
t 1125 13.953488372093023
m 4 15
0 25 11
1 6 6
2 14 17
t 1124 13.953488372093023
m 5 15
0 24 11
1 7 6
2 13 17
t 1123 13.953488372093023
m 5 15
0 25 11
1 8 6
2 12 17
t 1122 13.953488372093023
m 6 15
0 26 11
1 7 6
2 12 16
t 1121 13.953488372093023
m 5 15
0 25 11
1 6 6
2 12 15
t 1120 13.953488372093023
m 5 15
0 24 11
1 7 6
2 12 16
t 1119 13.953488372093023
m 5 15
0 25 11
1 8 6
2 12 17
t 1118 13.953488372093023
m 5 15
0 26 11
1 9 6
2 13 17
t 1117 13.953488372093023
m 6 15
0 27 11
1 9 5
2 12 17
t 1116 13.953488372093023
m 7 15
0 28 11
1 9 4
2 11 17
t 1115 13.953488372093023
m 8 15
0 27 11
1 9 5
2 10 17
t 1114 13.953488372093023
m 8 15
0 28 11
1 10 5
2 11 17
t 1113 13.953488372093023
m 8 14
0 29 11
1 9 5
2 10 17
t 1112 13.953488372093023
m 8 13
0 28 11
1 10 5
2 9 17
t 1111 13.953488372093023
m 7 13
0 29 11
1 11 5
2 10 17
t 1110 13.953488372093023
m 7 13
0 30 11
1 12 5
2 9 17
t 1109 13.953488372093023
m 8 13
0 29 11
1 13 5
2 8 17
t 1108 13.953488372093023
m 8 14
0 28 11
1 13 4
2 9 17
t 1107 13.953488372093023
m 8 14
0 28 10
1 14 4
2 10 17
t 1106 13.953488372093023
m 8 13
0 28 11
1 15 4
2 9 17
t 1105 13.953488372093023
m 8 14
0 29 11
1 16 4
2 8 17
t 1104 13.953488372093023
m 8 14
0 30 11
1 15 4
2 7 17
t 1103 13.953488372093023
m 8 14
0 31 11
1 14 4
2 7 18
t 1102 13.953488372093023
m 8 15
0 32 11
1 13 4
2 7 17
t 1101 13.953488372093023
m 7 15
0 32 12
1 14 4
2 8 17
t 1100 13.953488372093023
m 6 15
0 32 13
1 13 4
2 9 17
t 1099 13.953488372093023
m 7 15
0 32 12
1 13 3
2 10 17
t 1098 13.953488372093023
m 8 15
0 32 11
1 13 4
2 11 17
t 1097 13.953488372093023
m 8 14
0 32 12
1 13 5
2 12 17
t 1096 13.953488372093023
m 8 15
0 32 13
1 13 4
2 12 16
t 1095 13.953488372093023
m 8 14
0 32 14
1 14 4
2 12 17
t 1094 13.953488372093023
m 8 14
0 32 15
1 13 4
2 12 16
t 1093 13.953488372093023
m 8 15
0 32 16
1 13 5
2 12 17
t 1092 13.953488372093023
m 9 15
0 32 17
1 12 5
2 13 17
t 1091 13.953488372093023
m 8 15
0 32 16
1 13 5
2 14 17
t 1090 13.953488372093023
m 8 14
0 32 15
1 12 5
2 13 17
t 1089 13.953488372093023
m 8 13
0 32 16
1 11 5
2 14 17
t 1088 13.953488372093023
m 7 13
0 32 15
1 10 5
2 15 17
t 1087 13.953488372093023
m 8 13
0 32 14
1 11 5
2 14 17
t 1086 13.953488372093023
m 8 13
0 32 13
1 12 5
2 15 17
t 1085 13.953488372093023
m 7 13
0 32 14
1 11 5
2 14 17
t 1084 13.953488372093023
m 8 13
0 32 13
1 12 5
2 13 17
t 1083 13.953488372093023
m 7 13
0 31 13
1 11 5
2 12 17
t 1082 13.953488372093023
m 6 13
0 32 13
1 10 5
2 12 16
t 1081 13.953488372093023
m 7 13
0 32 12
1 9 5
2 12 15
t 1080 13.953488372093023
m 8 13
0 32 11
1 9 6
2 13 15
t 1079 13.953488372093023
m 7 13
0 33 11
1 9 7
2 14 15
t 1078 13.953488372093023
m 8 13
0 32 11
1 10 7
2 13 15
t 1077 13.953488372093023
m 9 13
0 31 11
1 11 7
2 12 15
t 1076 13.953488372093023
m 8 13
0 32 11
1 11 8
2 12 16
t 1075 13.953488372093023
m 8 13
0 33 11
1 11 9
2 12 15
t 1074 13.953488372093023
m 8 13
0 32 11
1 11 8
2 12 16
t 1073 13.953488372093023
m 8 14
0 31 11
1 11 9
2 12 17
t 1072 13.953488372093023
m 8 14
0 32 11
1 10 9
2 11 17
t 1071 13.953488372093023
m 8 14
0 33 11
1 11 9
2 12 17
t 1070 13.953488372093023
m 8 13
0 34 11
1 11 8
2 13 17
t 1069 13.953488372093023
m 7 13
0 34 12
1 11 9
2 12 17
t 1068 13.953488372093023
m 6 13
0 34 13
1 11 10
2 11 17
t 1067 13.953488372093023
m 7 13
0 34 12
1 11 9
2 10 17
t 1066 13.953488372093023
m 6 13
0 34 13
1 11 10
2 11 17
t 1065 13.953488372093023
m 5 13
0 34 14
1 11 11
2 12 17
t 1064 13.953488372093023
m 4 13
0 34 13
1 11 12
2 13 17
t 1063 13.953488372093023
m 5 13
0 34 12
1 11 13
2 12 17
t 1062 13.953488372093023
m 5 13
0 34 11
1 12 13
2 11 17
t 1061 13.953488372093023
m 6 13
0 34 12
1 13 13
2 12 17
t 1060 13.953488372093023
m 7 13
0 34 13
1 12 13
2 13 17
t 1059 13.953488372093023
m 7 13
0 34 14
1 11 13
2 12 17
t 1058 13.953488372093023
m 6 13
0 34 13
1 11 12
2 13 17
t 1057 13.953488372093023
m 6 13
0 34 12
1 11 13
2 14 17
t 1056 13.953488372093023
m 7 13
0 34 13
1 11 12
2 13 17
t 1055 13.953488372093023
m 8 13
0 34 14
1 11 13
2 12 17
t 1054 13.953488372093023
m 7 13
0 34 15
1 11 12
2 13 17
t 1053 13.953488372093023
m 6 13
0 34 16
1 11 13
2 14 17
t 1052 13.953488372093023
m 7 13
0 34 17
1 12 13
2 15 17
t 1051 13.953488372093023
m 8 13
0 34 18
1 13 13
2 16 17
t 1050 13.953488372093023
m 7 13
0 34 19
1 13 12
2 15 17
t 1049 13.953488372093023
m 8 13
0 34 18
1 13 13
2 16 17
t 1048 13.953488372093023
m 8 13
0 34 19
1 14 13
2 16 18
t 1047 13.953488372093023
m 8 13
0 34 18
1 13 13
2 16 19
t 1046 13.953488372093023
m 7 13
0 34 17
1 12 13
2 16 18
t 1045 13.953488372093023
m 6 13
0 34 18
1 11 13
2 16 17
t 1044 13.953488372093023
m 6 13
0 34 17
1 11 12
2 15 17
t 1043 13.953488372093023
m 6 13
0 34 16
1 11 11
2 14 17
t 1042 13.953488372093023
m 7 13
0 34 15
1 10 11
2 15 17
t 1041 13.953488372093023
m 7 13
0 33 15
1 9 11
2 16 17
t 1040 13.953488372093023
m 8 13
0 32 15
1 10 11
2 15 17
t 1039 13.953488372093023
m 7 13
0 32 14
1 9 11
2 16 17
t 1038 13.953488372093023
m 7 13
0 32 15
1 8 11
2 15 17
t 1037 13.953488372093023
m 7 13
0 32 16
1 7 11
2 16 17
t 1036 13.953488372093023
m 6 13
0 32 17
1 8 11
2 16 18
t 1035 13.953488372093023
m 7 13
0 31 17
1 9 11
2 16 19
t 1034 13.953488372093023
m 7 13
0 32 17
1 10 11
2 15 19
t 1033 13.953488372093023
m 6 13
0 32 16
1 9 11
2 16 19
t 1032 13.953488372093023
m 7 13
0 32 15
1 8 11
2 16 18
t 1031 13.953488372093023
m 8 13
0 33 15
1 9 11
2 16 17
t 1030 13.953488372093023
m 9 13
0 34 15
1 10 11
2 16 18
t 1029 13.953488372093023
m 10 13
0 34 14
1 9 11
2 16 17
t 1028 13.953488372093023
m 10 13
0 34 13
1 8 11
2 16 16
t 1027 13.953488372093023
m 10 13
0 34 12
1 7 11
2 16 15
t 1026 13.953488372093023
m 10 13
0 34 11
1 6 11
2 16 16
t 1025 13.953488372093023
m 11 13
0 33 11
1 5 11
2 16 17
t 1024 13.953488372093023
m 11 12
0 34 11
1 6 11
2 17 17
t 1023 13.953488372093023
m 11 13
0 34 12
1 7 11
2 16 17
t 1022 13.953488372093023
m 12 13
0 34 13
1 6 11
2 16 18
t 1021 13.953488372093023
m 11 13
0 34 14
1 5 11
2 16 19
t 1020 13.953488372093023
m 10 13
0 34 13
1 6 11
2 15 19
t 1019 13.953488372093023
m 9 13
0 34 12
1 7 11
2 14 19
t 1018 13.953488372093023
m 10 13
0 34 11
1 8 11
2 15 19
t 1017 13.953488372093023
m 9 13
0 33 11
1 9 11
2 14 19
t 1016 13.953488372093023
m 10 13
0 34 11
1 8 11
2 13 19
t 1015 13.953488372093023
m 10 13
0 33 11
1 7 11
2 12 19
t 1014 13.953488372093023
m 9 13
0 32 11
1 6 11
2 13 19
t 1013 13.953488372093023
m 10 13
0 31 11
1 5 11
2 12 19
t 1012 13.953488372093023
m 10 13
0 32 11
1 4 11
2 13 19
t 1011 13.953488372093023
m 11 13
0 31 11
1 5 11
2 12 19
t 1010 13.953488372093023
m 11 13
0 30 11
1 6 11
2 13 19
t 1009 13.953488372093023
m 12 13
0 31 11
1 6 10
2 12 19
t 1008 13.953488372093023
m 13 13
0 31 10
1 6 9
2 11 19
t 1007 13.953488372093023
m 14 13
0 31 11
1 6 10
2 12 19
t 1006 14.728682170542635
m 15 13
0 31 10
1 6 9
2 13 19
t 1005 14.728682170542635
m 16 13
0 31 11
1 6 8
2 14 19
t 1004 14.728682170542635
m 15 13
0 32 11
1 6 9
2 15 19
t 1003 14.728682170542635
m 16 13
0 33 11
1 6 10
2 14 19
t 1002 14.728682170542635
m 15 13
0 34 11
1 6 11
2 13 19
t 1001 14.728682170542635
m 14 13
0 33 11
1 7 11
2 12 19
t 1000 14.728682170542635
m 13 13
0 32 11
1 8 11
2 11 19
t 999 14.728682170542635
m 13 13
0 33 11
1 9 11
2 12 19
t 998 14.728682170542635
m 13 13
0 32 11
1 10 11
2 11 19
t 997 14.728682170542635
m 12 13
0 33 11
1 11 11
2 12 19
t 996 14.728682170542635
m 11 13
0 32 11
1 11 12
2 11 19
t 995 14.728682170542635
m 10 13
0 32 12
1 11 13
2 10 19
t 994 14.728682170542635
m 9 13
0 32 13
1 11 12
2 9 19
t 993 14.728682170542635
m 9 13
0 32 14
1 11 13
2 8 19
t 992 14.728682170542635
m 8 13
0 32 15
1 12 13
2 9 19
t 991 14.728682170542635
m 9 13
0 31 15
1 11 13
2 10 19
t 990 14.728682170542635
m 9 13
0 30 15
1 11 12
2 11 19
t 989 14.728682170542635
m 10 13
0 29 15
1 11 11
2 10 19
t 988 14.728682170542635
m 9 13
0 28 15
1 11 12
2 11 19
t 987 14.728682170542635
m 8 13
0 29 15
1 11 13
2 12 19
t 986 14.728682170542635
m 8 14
0 28 15
1 12 13
2 11 19
t 985 14.728682170542635
m 8 15
0 29 15
1 11 13
2 12 19
t 984 14.728682170542635
m 9 15
0 28 15
1 11 12
2 13 19
t 983 14.728682170542635
m 9 15
0 29 15
1 11 11
2 12 19
t 982 14.728682170542635
m 9 15
0 30 15
1 11 12
2 13 19
t 981 14.728682170542635
m 8 15
0 31 15
1 11 13
2 14 19
t 980 14.728682170542635
m 8 15
0 30 15
1 10 13
2 15 19
t 979 14.728682170542635
m 7 15
0 31 15
1 11 13
2 14 19
t 978 14.728682170542635
m 8 15
0 30 15
1 11 12
2 15 19
t 977 14.728682170542635
m 7 15
0 31 15
1 11 11
2 16 19
t 976 14.728682170542635
m 8 15
0 30 15
1 11 12
2 15 19
t 975 14.728682170542635
m 8 14
0 29 15
1 11 13
2 14 19
t 974 14.728682170542635
m 8 14
0 28 15
1 11 12
2 15 19
t 973 14.728682170542635
m 8 14
0 27 15
1 11 11
2 14 19
t 972 14.728682170542635
m 8 15
0 28 15
1 10 11
2 13 19
t 971 14.728682170542635
m 8 14
0 27 15
1 9 11
2 14 19
t 970 14.728682170542635
m 8 15
0 26 15
1 8 11
2 13 19
t 969 14.728682170542635
m 8 15
0 25 15
1 7 11
2 14 19
t 968 14.728682170542635
m 7 15
0 24 15
1 6 11
2 15 19
t 967 14.728682170542635
m 6 15
0 23 15
1 7 11
2 16 19
t 966 14.728682170542635
m 5 15
0 22 15
1 6 11
2 15 19
t 965 14.728682170542635
m 5 15
0 21 15
1 5 11
2 16 19
t 964 14.728682170542635
m 4 15
0 22 15
1 4 11
2 15 19
t 963 14.728682170542635
m 4 15
0 21 15
1 5 11
2 14 19
t 962 14.728682170542635
m 3 15
0 22 15
1 4 11
2 15 19
t 961 14.728682170542635
m 4 15
0 23 15
1 5 11
2 16 19
t 960 14.728682170542635
m 3 15
0 22 15
1 6 11
2 16 18
t 959 14.728682170542635
m 3 15
0 23 15
1 7 11
2 16 19
t 958 14.728682170542635
m 2 15
0 24 15
1 8 11
2 15 19
t 957 14.728682170542635
m 2 16
0 23 15
1 9 11
2 16 19
t 956 14.728682170542635
m 2 16
0 22 15
1 10 11
2 15 19
t 955 14.728682170542635
m 2 16
0 23 15
1 9 11
2 14 19
t 954 14.728682170542635
m 2 17
0 24 15
1 10 11
2 15 19
t 953 14.728682170542635
m 2 16
0 23 15
1 11 11
2 14 19
t 952 14.728682170542635
m 2 17
0 22 15
1 10 11
2 13 19
t 951 14.728682170542635
m 3 17
0 21 15
1 9 11
2 12 19
t 950 14.728682170542635
m 3 17
0 22 15
1 8 11
2 11 19
t 949 14.728682170542635
m 2 17
0 21 15
1 9 11
2 10 19
t 948 14.728682170542635
m 2 17
0 20 15
1 8 11
2 11 19
t 947 14.728682170542635
m 2 16
0 21 15
1 9 11
2 12 19
t 946 14.728682170542635
m 2 15
0 22 15
1 8 11
2 11 19
t 945 14.728682170542635
m 2 16
0 21 15
1 9 11
2 10 19
t 944 14.728682170542635
m 2 17
0 22 15
1 10 11
2 11 19
t 943 14.728682170542635
m 2 17
0 23 15
1 11 11
2 12 19
t 942 14.728682170542635
m 3 17
0 22 15
1 11 10
2 13 19
t 941 14.728682170542635
m 2 17
0 23 15
1 11 9
2 14 19
t 940 14.728682170542635
m 3 17
0 24 15
1 10 9
2 13 19
t 939 14.728682170542635
m 2 17
0 23 15
1 9 9
2 12 19
t 938 14.728682170542635
m 3 17
0 24 15
1 8 9
2 11 19
t 937 14.728682170542635
m 3 17
0 23 15
1 9 9
2 12 19
t 936 14.728682170542635
m 4 17
0 24 15
1 10 9
2 13 19
t 935 14.728682170542635
m 4 17
0 25 15
1 11 9
2 12 19
t 934 14.728682170542635
m 5 17
0 24 15
1 10 9
2 13 19
t 933 14.728682170542635
m 6 17
0 23 15
1 11 9
2 14 19
t 932 14.728682170542635
m 6 17
0 22 15
1 10 9
2 15 19
t 931 14.728682170542635
m 5 17
0 21 15
1 11 9
2 14 19
t 930 14.728682170542635
m 6 17
0 20 15
1 11 8
2 15 19
t 929 14.728682170542635
m 6 17
0 21 15
1 11 9
2 16 19
t 928 14.728682170542635
m 5 17
0 22 15
1 11 10
2 16 18
t 927 14.728682170542635
m 6 17
0 22 16
1 11 9
2 16 17
t 926 14.728682170542635
m 6 17
0 22 15
1 11 8
2 17 17
t 925 14.728682170542635
m 5 17
0 23 15
1 11 9
2 16 17
t 924 14.728682170542635
m 4 17
0 24 15
1 10 9
2 16 18
t 923 14.728682170542635
m 4 17
0 23 15
1 11 9
2 16 19
t 922 14.728682170542635
m 3 17
0 24 15
1 11 10
2 15 19
t 921 14.728682170542635
m 3 17
0 23 15
1 11 11
2 16 19
t 920 14.728682170542635
m 4 17
0 24 15
1 11 12
2 15 19
t 919 14.728682170542635
m 4 17
0 25 15
1 11 13
2 14 19
t 918 14.728682170542635
m 4 17
0 26 15
1 11 12
2 15 19
t 917 14.728682170542635
m 3 17
0 27 15
1 11 11
2 16 19
t 916 14.728682170542635
m 4 17
0 28 15
1 11 10
2 15 19
t 915 14.728682170542635
m 4 17
0 27 15
1 11 9
2 16 19
t 914 14.728682170542635
m 5 17
0 28 15
1 10 9
2 16 18
t 913 14.728682170542635
m 6 17
0 29 15
1 11 9
2 16 17
t 912 14.728682170542635
m 7 17
0 28 15
1 10 9
2 15 17
t 911 15.503875968992247
m 6 17
0 27 15
1 9 9
2 16 17
t 910 15.503875968992247
m 6 17
0 26 15
1 8 9
2 16 18
t 909 15.503875968992247
m 6 17
0 25 15
1 7 9
2 16 19
t 908 15.503875968992247
m 6 17
0 26 15
1 8 9
2 16 18
t 907 15.503875968992247
m 7 17
0 27 15
1 7 9
2 16 17
t 906 15.503875968992247
m 6 17
0 28 15
1 6 9
2 16 16
t 905 15.503875968992247
m 6 17
0 29 15
1 7 9
2 16 15
t 904 15.503875968992247
m 7 17
0 28 15
1 8 9
2 16 14
t 903 15.503875968992247
m 6 17
0 29 15
1 9 9
2 16 13
t 902 15.503875968992247
m 7 17
0 28 15
1 10 9
2 16 14
t 901 15.503875968992247
m 8 17
0 27 15
1 11 9
2 16 13
t 900 15.503875968992247
m 8 17
0 28 15
1 11 10
2 15 13
t 899 15.503875968992247
m 8 17
0 29 15
1 11 9
2 14 13
t 898 15.503875968992247
m 7 17
0 30 15
1 10 9
2 15 13
t 897 15.503875968992247
m 7 17
0 31 15
1 9 9
2 14 13
t 896 15.503875968992247
m 8 17
0 32 15
1 8 9
2 13 13
t 895 15.503875968992247
m 9 17
0 31 15
1 9 9
2 12 13
t 894 15.503875968992247
m 8 17
0 30 15
1 10 9
2 11 13
t 893 15.503875968992247
m 7 17
0 29 15
1 11 9
2 11 12
t 892 15.503875968992247
m 7 17
0 28 15
1 11 8
2 11 13
t 891 15.503875968992247
m 8 17
0 27 15
1 11 7
2 11 12
t 890 15.503875968992247
m 7 17
0 28 15
1 11 8
2 11 11
t 889 15.503875968992247
m 8 17
0 29 15
1 11 7
2 11 12
t 888 15.503875968992247
m 9 17
0 30 15
1 11 8
2 11 11
t 887 15.503875968992247
m 10 17
0 31 15
1 11 7
2 11 10
t 886 16.27906976744186
m 10 17
0 30 15
1 10 7
2 11 11
t 885 16.27906976744186
m 11 17
0 29 15
1 11 7
2 11 12
t 884 16.27906976744186
m 11 17
0 28 15
1 11 8
2 11 11
t 883 16.27906976744186
m 12 17
0 27 15
1 11 9
2 11 10
t 882 16.27906976744186
m 13 17
0 26 15
1 11 8
2 11 11
t 881 16.27906976744186
m 12 17
0 27 15
1 11 7
2 11 10
t 880 16.27906976744186
m 11 17
0 26 15
1 12 7
2 11 9
t 879 16.27906976744186
m 11 17
0 26 14
1 11 7
2 11 10
t 878 16.27906976744186
m 11 17
0 26 15
1 10 7
2 11 11
t 877 16.27906976744186
m 10 17
0 26 14
1 9 7
2 10 11
t 876 16.27906976744186
m 10 17
0 26 13
1 9 6
2 9 11
t 875 16.27906976744186
m 11 17
0 27 13
1 9 5
2 10 11
t 874 16.27906976744186
m 10 17
0 26 13
1 10 5
2 9 11
t 873 16.27906976744186
m 11 17
0 27 13
1 11 5
2 10 11
t 872 16.27906976744186
m 10 17
0 28 13
1 10 5
2 9 11
t 871 16.27906976744186
m 9 17
0 29 13
1 11 5
2 8 11
t 870 16.27906976744186
m 9 17
0 30 13
1 10 5
2 9 11
t 869 16.27906976744186
m 9 17
0 29 13
1 9 5
2 10 11
t 868 16.27906976744186
m 10 17
0 28 13
1 9 6
2 9 11
t 867 16.27906976744186
m 9 17
0 27 13
1 9 5
2 8 11
t 866 16.27906976744186
m 8 17
0 28 13
1 9 6
2 9 11
t 865 16.27906976744186
m 8 17
0 27 13
1 9 7
2 10 11
t 864 16.27906976744186
m 8 17
0 28 13
1 9 6
2 9 11
t 863 16.27906976744186
m 7 17
0 27 13
1 8 6
2 8 11
t 862 16.27906976744186
m 7 17
0 26 13
1 9 6
2 7 11
t 861 16.27906976744186
m 7 17
0 26 14
1 9 7
2 8 11
t 860 16.27906976744186
m 8 17
0 26 15
1 10 7
2 7 11
t 859 16.27906976744186
m 9 17
0 26 14
1 11 7
2 6 11
t 858 16.27906976744186
m 8 17
0 26 15
1 11 8
2 6 10
t 857 16.27906976744186
m 9 17
0 27 15
1 11 9
2 6 9
t 856 16.27906976744186
m 9 17
0 28 15
1 11 8
2 6 8
t 855 16.27906976744186
m 8 17
0 27 15
1 11 7
2 6 9
t 854 16.27906976744186
m 8 17
0 26 15
1 11 8
2 6 10
t 853 16.27906976744186
m 9 17
0 25 15
1 11 9
2 6 11
t 852 16.27906976744186
m 9 17
0 26 15
1 10 9
2 7 11
t 851 16.27906976744186
m 9 17
0 25 15
1 9 9
2 6 11
t 850 16.27906976744186
m 9 17
0 24 15
1 10 9
2 6 10
t 849 16.27906976744186
m 9 17
0 23 15
1 11 9
2 6 11
t 848 16.27906976744186
m 8 17
0 24 15
1 11 8
2 7 11
t 847 16.27906976744186
m 8 17
0 25 15
1 11 9
2 8 11
t 846 16.27906976744186
m 9 17
0 24 15
1 11 8
2 9 11
t 845 16.27906976744186
m 8 17
0 25 15
1 11 7
2 8 11
t 844 16.27906976744186
m 7 17
0 24 15
1 12 7
2 9 11
t 843 16.27906976744186
m 6 17
0 23 15
1 13 7
2 10 11
t 842 16.27906976744186
m 7 17
0 22 15
1 13 8
2 9 11
t 841 16.27906976744186
m 7 18
0 23 15
1 13 7
2 10 11
t 840 16.27906976744186
m 7 17
0 24 15
1 12 7
2 11 11
t 839 16.27906976744186
m 7 17
0 25 15
1 13 7
2 11 10
t 838 16.27906976744186
m 7 17
0 24 15
1 13 8
2 11 9
t 837 16.27906976744186
m 7 18
0 25 15
1 13 9
2 11 10
t 836 16.27906976744186
m 7 19
0 26 15
1 13 10
2 11 11
t 835 16.27906976744186
m 8 19
0 26 14
1 13 11
2 11 12
t 834 17.05426356589147
m 8 19
0 26 15
1 13 12
2 11 11
t 833 17.05426356589147
m 9 19
0 27 15
1 13 11
2 11 10
t 832 17.05426356589147
m 10 19
0 26 15
1 13 10
2 11 9
t 831 17.05426356589147
m 11 19
0 25 15
1 13 9
2 10 9
t 830 17.829457364341085
m 10 19
0 26 15
1 13 10
2 9 9
t 829 17.829457364341085
m 9 19
0 25 15
1 13 9
2 10 9
t 828 17.829457364341085
m 10 19
0 26 15
1 14 9
2 11 9
t 827 17.829457364341085
m 11 19
0 25 15
1 15 9
2 11 8
t 826 17.829457364341085
m 12 19
0 26 15
1 16 9
2 11 9
t 825 17.829457364341085
m 13 19
0 26 14
1 15 9
2 11 8
t 824 17.829457364341085
m 14 19
0 26 13
1 14 9
2 11 9
t 823 18.6046511627907
m 14 19
0 25 13
1 15 9
2 11 10
t 822 18.6046511627907
m 13 19
0 24 13
1 16 9
2 11 9
t 821 18.6046511627907
m 12 19
0 25 13
1 17 9
2 11 10
t 820 18.6046511627907
m 11 19
0 24 13
1 17 10
2 11 11
t 819 18.6046511627907
m 11 19
0 23 13
1 17 11
2 11 12
t 818 18.6046511627907
m 12 19
0 23 12
1 18 11
2 11 13
t 817 18.6046511627907
m 11 19
0 23 13
1 19 11
2 11 12
t 816 18.6046511627907
m 10 19
0 23 12
1 20 11
2 11 11
t 815 18.6046511627907
m 10 19
0 23 13
1 21 11
2 10 11
t 814 18.6046511627907
m 11 19
0 22 13
1 20 11
2 11 11
t 813 18.6046511627907
m 10 19
0 21 13
1 21 11
2 11 12
t 812 18.6046511627907
m 11 19
0 22 13
1 21 12
2 11 13
t 811 18.6046511627907
m 11 19
0 21 13
1 21 13
2 12 13
t 810 18.6046511627907
m 10 19
0 21 12
1 20 13
2 11 13
t 809 18.6046511627907
m 9 19
0 21 13
1 21 13
2 10 13
t 808 18.6046511627907
m 8 19
0 20 13
1 20 13
2 9 13
t 807 18.6046511627907
m 8 19
0 19 13
1 19 13
2 8 13
t 806 18.6046511627907
m 8 19
0 18 13
1 20 13
2 9 13
t 805 18.6046511627907
m 7 19
0 18 14
1 21 13
2 10 13
t 804 18.6046511627907
m 8 19
0 17 14
1 20 13
2 9 13
t 803 18.6046511627907
m 9 19
0 18 14
1 19 13
2 8 13
t 802 18.6046511627907
m 9 19
0 18 15
1 20 13
2 9 13
t 801 18.6046511627907
m 8 19
0 19 15
1 21 13
2 8 13
t 800 18.6046511627907
m 7 19
0 18 15
1 22 13
2 7 13
t 799 18.6046511627907
m 7 18
0 19 15
1 23 13
2 8 13
t 798 18.6046511627907
m 7 17
0 18 15
1 22 13
2 8 14
t 797 18.6046511627907
m 7 18
0 18 14
1 23 13
2 8 15
t 796 18.6046511627907
m 7 17
0 18 15
1 23 12
2 8 14
t 795 18.6046511627907
m 8 17
0 18 16
1 23 11
2 8 15
t 794 18.6046511627907
m 8 17
0 18 15
1 24 11
2 8 14
t 793 18.6046511627907
m 8 17
0 18 14
1 23 11
2 8 13
t 792 18.6046511627907
m 8 17
0 17 14
1 24 11
2 9 13
t 791 18.6046511627907
m 7 17
0 16 14
1 25 11
2 8 13
t 790 18.6046511627907
m 6 17
0 17 14
1 24 11
2 7 13
t 789 18.6046511627907
m 7 17
0 18 14
1 23 11
2 8 13
t 788 18.6046511627907
m 7 17
0 18 13
1 23 10
2 8 14
t 787 18.6046511627907
m 7 18
0 18 14
1 23 11
2 8 13
t 786 18.6046511627907
m 7 17
0 18 15
1 23 10
2 7 13
t 785 18.6046511627907
m 7 18
0 19 15
1 23 11
2 8 13
t 784 18.6046511627907
m 7 17
0 20 15
1 24 11
2 7 13
t 783 18.6046511627907
m 6 17
0 21 15
1 23 11
2 6 13
t 782 18.6046511627907
m 6 17
0 22 15
1 23 12
2 5 13
t 781 18.6046511627907
m 5 17
0 23 15
1 23 11
2 6 13
t 780 18.6046511627907
m 4 17
0 22 15
1 23 12
2 5 13
t 779 18.6046511627907
m 5 17
0 21 15
1 23 13
2 6 13
t 778 18.6046511627907
m 5 17
0 20 15
1 24 13
2 5 13
t 777 18.6046511627907
m 5 17
0 19 15
1 23 13
2 6 13
t 776 18.6046511627907
m 6 17
0 20 15
1 23 12
2 7 13
t 775 18.6046511627907
m 5 17
0 21 15
1 23 11
2 8 13
t 774 18.6046511627907
m 5 17
0 22 15
1 23 10
2 9 13
t 773 18.6046511627907
m 6 17
0 21 15
1 23 11
2 8 13
t 772 18.6046511627907
m 5 17
0 20 15
1 24 11
2 8 14
t 771 18.6046511627907
m 6 17
0 19 15
1 23 11
2 8 15
t 770 18.6046511627907
m 5 17
0 20 15
1 23 12
2 9 15
t 769 18.6046511627907
m 5 17
0 19 15
1 23 11
2 10 15
t 768 18.6046511627907
m 4 17
0 18 15
1 24 11
2 11 15
t 767 18.6046511627907
m 5 17
0 19 15
1 23 11
2 10 15
t 766 18.6046511627907
m 5 17
0 18 15
1 23 12
2 11 15
t 765 18.6046511627907
m 6 17
0 18 14
1 23 11
2 10 15
t 764 18.6046511627907
m 5 17
0 18 13
1 23 12
2 9 15
t 763 18.6046511627907
m 5 17
0 19 13
1 23 13
2 8 15
t 762 18.6046511627907
m 4 17
0 20 13
1 23 12
2 9 15
t 761 18.6046511627907
m 5 17
0 21 13
1 23 11
2 10 15
t 760 18.6046511627907
m 6 17
0 21 12
1 23 12
2 9 15
t 759 18.6046511627907
m 5 17
0 21 11
1 23 13
2 8 15
t 758 18.6046511627907
m 6 17
0 21 10
1 23 12
2 7 15
t 757 18.6046511627907
m 6 17
0 21 11
1 23 11
2 6 15
t 756 18.6046511627907
m 7 17
0 21 10
1 23 10
2 5 15
t 755 18.6046511627907
m 7 18
0 21 9
1 23 9
2 6 15
t 754 18.6046511627907
m 7 18
0 20 9
1 23 10
2 7 15
t 753 18.6046511627907
m 7 17
0 19 9
1 23 11
2 6 15
t 752 18.6046511627907
m 6 17
0 20 9
1 24 11
2 5 15
t 751 18.6046511627907
m 6 17
0 21 9
1 25 11
2 6 15
t 750 18.6046511627907
m 7 17
0 20 9
1 24 11
2 5 15
t 749 18.6046511627907
m 7 18
0 21 9
1 23 11
2 6 15
t 748 18.6046511627907
m 7 19
0 21 8
1 24 11
2 7 15
t 747 18.6046511627907
m 7 18
0 21 7
1 23 11
2 6 15
t 746 18.6046511627907
m 7 17
0 22 7
1 23 10
2 7 15
t 745 18.6046511627907
m 8 17
0 21 7
1 23 9
2 6 15
t 744 18.6046511627907
m 7 17
0 21 8
1 23 8
2 7 15
t 743 18.6046511627907
m 7 17
0 21 7
1 23 7
2 8 15
t 742 18.6046511627907
m 6 17
0 22 7
1 23 8
2 8 14
t 741 18.6046511627907
m 5 17
0 21 7
1 23 7
2 8 15
t 740 18.6046511627907
m 6 17
0 22 7
1 24 7
2 9 15
t 739 18.6046511627907
m 5 17
0 21 7
1 25 7
2 8 15
t 738 18.6046511627907
m 6 17
0 22 7
1 24 7
2 9 15
t 737 18.6046511627907
m 5 17
0 21 7
1 23 7
2 8 15
t 736 18.6046511627907
m 6 17
0 20 7
1 22 7
2 7 15
t 735 18.6046511627907
m 5 17
0 21 7
1 23 7
2 6 15
t 734 18.6046511627907
m 4 17
0 21 8
1 24 7
2 7 15
t 733 18.6046511627907
m 5 17
0 21 7
1 23 7
2 6 15
t 732 18.6046511627907
m 6 17
0 21 8
1 24 7
2 7 15
t 731 18.6046511627907
m 5 17
0 21 7
1 23 7
2 6 15
t 730 18.6046511627907
m 6 17
0 21 8
1 23 8
2 7 15
t 729 18.6046511627907
m 7 17
0 21 9
1 23 9
2 6 15
t 728 18.6046511627907
m 7 17
0 20 9
1 24 9
2 7 15
t 727 18.6046511627907
m 7 17
0 19 9
1 25 9
2 8 15
t 726 18.6046511627907
m 7 18
0 18 9
1 26 9
2 9 15
t 725 18.6046511627907
m 7 18
0 17 9
1 25 9
2 10 15
t 724 18.6046511627907
m 7 18
0 18 9
1 24 9
2 9 15
t 723 18.6046511627907
m 7 18
0 19 9
1 25 9
2 8 15
t 722 18.6046511627907
m 7 18
0 18 9
1 26 9
2 9 15
t 721 18.6046511627907
m 7 19
0 19 9
1 25 9
2 10 15
t 720 18.6046511627907
m 8 19
0 18 9
1 26 9
2 9 15
t 719 18.6046511627907
m 8 19
0 17 9
1 25 9
2 8 15
t 718 18.6046511627907
m 8 19
0 18 9
1 24 9
2 7 15
t 717 18.6046511627907
m 7 19
0 19 9
1 23 9
2 8 15
t 716 18.6046511627907
m 7 19
0 20 9
1 23 10
2 9 15
t 715 18.6046511627907
m 7 19
0 21 9
1 23 9
2 8 15
t 714 18.6046511627907
m 7 19
0 21 8
1 23 10
2 7 15
t 713 18.6046511627907
m 6 19
0 21 9
1 23 9
2 6 15
t 712 18.6046511627907
m 5 19
0 21 10
1 24 9
2 7 15
t 711 19.37984496124031
m 5 19
0 21 11
1 23 9
2 8 15
t 710 19.37984496124031
m 5 19
0 21 10
1 23 8
2 8 14
t 709 19.37984496124031
m 6 19
0 21 11
1 23 9
2 8 15
t 708 19.37984496124031
m 6 19
0 21 10
1 24 9
2 7 15
t 707 19.37984496124031
m 6 19
0 21 11
1 23 9
2 6 15
t 706 19.37984496124031
m 7 19
0 21 10
1 23 10
2 5 15
t 705 19.37984496124031
m 8 19
0 21 9
1 23 11
2 6 15
t 704 19.37984496124031
m 7 19
0 20 9
1 24 11
2 7 15
t 703 19.37984496124031
m 6 19
0 19 9
1 25 11
2 8 15
t 702 19.37984496124031
m 6 19
0 18 9
1 24 11
2 9 15
t 701 19.37984496124031
m 5 19
0 17 9
1 23 11
2 10 15
t 700 19.37984496124031
m 5 19
0 16 9
1 23 12
2 11 15
t 699 19.37984496124031
m 6 19
0 15 9
1 23 11
2 10 15
t 698 19.37984496124031
m 6 19
0 14 9
1 23 12
2 9 15
t 697 19.37984496124031
m 5 19
0 13 9
1 23 13
2 10 15
t 696 19.37984496124031
m 4 19
0 14 9
1 24 13
2 9 15
t 695 19.37984496124031
m 3 19
0 15 9
1 23 13
2 8 15
t 694 19.37984496124031
m 2 19
0 16 9
1 23 12
2 9 15
t 693 20.155038759689923
m 3 19
0 15 9
1 23 11
2 8 15
t 692 20.155038759689923
m 4 19
0 16 9
1 23 10
2 7 15
t 691 20.155038759689923
m 5 19
0 15 9
1 23 11
2 6 15
t 690 20.155038759689923
m 5 19
0 14 9
1 24 11
2 7 15
t 689 20.155038759689923
m 6 19
0 15 9
1 23 11
2 8 15
t 688 20.155038759689923
m 6 19
0 16 9
1 23 10
2 9 15
t 687 20.155038759689923
m 6 19
0 15 9
1 23 11
2 10 15
t 686 20.155038759689923
m 7 19
0 14 9
1 24 11
2 9 15
t 685 20.155038759689923
m 8 19
0 15 9
1 23 11
2 8 15
t 684 20.155038759689923
m 7 19
0 16 9
1 23 10
2 8 14
t 683 20.155038759689923
m 6 19
0 15 9
1 23 11
2 8 15
t 682 20.155038759689923
m 6 19
0 16 9
1 23 10
2 8 14
t 681 20.155038759689923
m 5 19
0 15 9
1 23 11
2 8 13
t 680 20.155038759689923
m 6 19
0 14 9
1 23 10
2 7 13
t 679 20.155038759689923
m 6 19
0 13 9
1 23 11
2 8 13
t 678 20.155038759689923
m 5 19
0 13 10
1 23 12
2 9 13
t 677 20.155038759689923
m 5 19
0 13 9
1 23 11
2 10 13
t 676 20.155038759689923
m 6 19
0 14 9
1 24 11
2 9 13
t 675 20.155038759689923
m 5 19
0 13 9
1 25 11
2 10 13
t 674 20.155038759689923
m 6 19
0 14 9
1 26 11
2 11 13
t 673 20.155038759689923
m 6 19
0 15 9
1 25 11
2 11 12
t 672 20.155038759689923
m 6 19
0 16 9
1 24 11
2 11 11
t 671 20.155038759689923
m 7 19
0 15 9
1 25 11
2 11 12
t 670 20.155038759689923
m 6 19
0 16 9
1 26 11
2 11 13
t 669 20.155038759689923
m 7 19
0 15 9
1 25 11
2 12 13
t 668 20.155038759689923
m 6 19
0 16 9
1 26 11
2 13 13
t 667 20.155038759689923
m 6 19
0 15 9
1 25 11
2 14 13
t 666 20.155038759689923
m 6 19
0 14 9
1 24 11
2 15 13
t 665 20.155038759689923
m 7 19
0 15 9
1 23 11
2 14 13
t 664 20.155038759689923
m 8 19
0 16 9
1 23 12
2 15 13
t 663 20.155038759689923
m 8 19
0 15 9
1 23 11
2 16 13
t 662 20.155038759689923
m 9 19
0 16 9
1 23 12
2 15 13
t 661 20.155038759689923
m 9 19
0 15 9
1 23 11
2 16 13
t 660 20.155038759689923
m 10 19
0 14 9
1 23 12
2 16 14
t 659 20.155038759689923
m 10 19
0 15 9
1 23 11
2 17 14
t 658 20.155038759689923
m 9 19
0 16 9
1 24 11
2 16 14
t 657 20.155038759689923
m 8 19
0 15 9
1 23 11
2 17 14
t 656 20.155038759689923
m 9 19
0 14 9
1 23 10
2 16 14
t 655 20.155038759689923
m 10 19
0 15 9
1 23 9
2 17 14
t 654 20.155038759689923
m 9 19
0 14 9
1 24 9
2 16 14
t 653 20.155038759689923
m 8 19
0 13 9
1 25 9
2 16 15
t 652 20.155038759689923
m 8 19
0 14 9
1 26 9
2 16 16
t 651 20.155038759689923
m 9 19
0 15 9
1 27 9
2 16 15
t 650 20.155038759689923
m 10 19
0 16 9
1 26 9
2 16 14
t 649 20.155038759689923
m 11 19
0 15 9
1 27 9
2 17 14
t 648 20.155038759689923
m 10 19
0 14 9
1 26 9
2 18 14
t 647 20.155038759689923
m 10 19
0 15 9
1 27 9
2 17 14
t 646 20.155038759689923
m 9 19
0 16 9
1 28 9
2 16 14
t 645 20.155038759689923
m 8 19
0 17 9
1 27 9
2 17 14
t 644 20.155038759689923
m 9 19
0 16 9
1 26 9
2 16 14
t 643 20.155038759689923
m 8 19
0 17 9
1 27 9
2 16 15
t 642 20.155038759689923
m 7 19
0 17 10
1 26 9
2 16 14
t 641 20.155038759689923
m 7 18
0 17 9
1 27 9
2 17 14
t 640 20.155038759689923
m 7 19
0 17 10
1 28 9
2 16 14
t 639 20.155038759689923
m 6 19
0 17 9
1 28 10
2 16 13
t 638 20.155038759689923
m 6 19
0 17 10
1 28 9
2 16 14
t 637 20.155038759689923
m 6 19
0 17 11
1 27 9
2 16 13
t 636 20.155038759689923
m 5 19
0 16 11
1 28 9
2 16 14
t 635 20.155038759689923
m 4 19
0 15 11
1 27 9
2 16 15
t 634 20.155038759689923
m 3 19
0 16 11
1 28 9
2 15 15
t 633 20.155038759689923
m 2 19
0 17 11
1 27 9
2 16 15
t 632 20.155038759689923
m 1 19
0 18 11
1 26 9
2 15 15
t 631 20.155038759689923
m 2 19
0 17 11
1 25 9
2 16 15
t 630 20.155038759689923
m 1 19
0 17 10
1 26 9
2 16 14
t 629 20.155038759689923
m 0 19
0 17 9
1 27 9
2 16 15
t 628 20.155038759689923
m 0 18
0 17 10
1 26 9
2 15 15
t 627 20.155038759689923
m 0 17
0 17 11
1 27 9
2 16 15
t 626 20.155038759689923
m 0 17
0 18 11
1 26 9
2 16 14
t 625 20.155038759689923
m 0 18
0 19 11
1 27 9
2 16 13
t 624 20.155038759689923
m 0 17
0 20 11
1 28 9
2 15 13
t 623 20.155038759689923
m 0 18
0 21 11
1 28 10
2 14 13
t 622 20.155038759689923
m 0 17
0 20 11
1 28 11
2 15 13
t 621 20.155038759689923
m 0 17
0 19 11
1 28 10
2 14 13
t 620 20.155038759689923
m 0 17
0 18 11
1 28 11
2 13 13
t 619 20.155038759689923
m 0 17
0 17 11
1 28 10
2 12 13
t 618 20.155038759689923
m 0 18
0 18 11
1 28 9
2 13 13
t 617 20.155038759689923
m 0 19
0 19 11
1 28 10
2 13 12
t 616 20.155038759689923
m 0 18
0 18 11
1 28 11
2 13 13
t 615 20.155038759689923
m 0 18
0 19 11
1 27 11
2 13 12
t 614 20.155038759689923
m 0 18
0 18 11
1 26 11
2 13 11
t 613 20.155038759689923
m 0 19
0 17 11
1 25 11
2 13 10
t 612 20.155038759689923
m 0 18
0 16 11
1 24 11
2 13 9
t 611 20.155038759689923
m 0 17
0 15 11
1 23 11
2 13 8
t 610 20.155038759689923
m 0 16
0 16 11
1 23 12
2 13 9
t 609 20.155038759689923
m 0 16
0 17 11
1 23 13
2 13 8
t 608 20.155038759689923
m 0 15
0 16 11
1 23 12
2 13 9
t 607 20.155038759689923
m 1 15
0 15 11
1 23 11
2 14 9
t 606 20.155038759689923
m 0 15
0 14 11
1 23 10
2 15 9
t 605 20.155038759689923
m 0 16
0 15 11
1 23 9
2 14 9
t 604 20.155038759689923
m 0 15
0 16 11
1 23 10
2 15 9
t 603 20.155038759689923
m 1 15
0 15 11
1 23 11
2 16 9
t 602 20.155038759689923
m 2 15
0 16 11
1 24 11
2 17 9
t 601 20.155038759689923
m 2 14
0 15 11
1 23 11
2 18 9
t 600 20.155038759689923
m 2 15
0 16 11
1 23 12
2 17 9
t 599 20.155038759689923
m 3 15
0 17 11
1 23 13
2 17 10
t 598 20.155038759689923
m 3 15
0 18 11
1 24 13
2 17 11
t 597 20.155038759689923
m 2 15
0 17 11
1 23 13
2 16 11
t 596 20.155038759689923
m 2 14
0 18 11
1 24 13
2 17 11
t 595 20.155038759689923
m 2 14
0 17 11
1 23 13
2 17 10
t 594 20.155038759689923
m 2 14
0 17 10
1 24 13
2 17 9
t 593 20.155038759689923
m 2 13
0 17 11
1 23 13
2 17 10
t 592 20.155038759689923
m 2 14
0 18 11
1 23 12
2 17 9
t 591 20.155038759689923
m 2 14
0 19 11
1 23 11
2 17 10
t 590 20.155038759689923
m 2 15
0 18 11
1 23 10
2 17 9
t 589 20.155038759689923
m 2 14
0 17 11
1 23 9
2 16 9
t 588 20.155038759689923
m 2 15
0 17 10
1 23 10
2 17 9
t 587 20.155038759689923
m 2 14
0 17 9
1 23 11
2 18 9
t 586 20.155038759689923
m 2 15
0 16 9
1 23 12
2 17 9
t 585 20.155038759689923
m 2 16
0 17 9
1 23 13
2 18 9
t 584 20.155038759689923
m 2 15
0 18 9
1 22 13
2 19 9
t 583 20.155038759689923
m 2 14
0 17 9
1 23 13
2 18 9
t 582 20.155038759689923
m 2 13
0 18 9
1 24 13
2 19 9
t 581 20.155038759689923
m 2 12
0 17 9
1 25 13
2 18 9
t 580 20.155038759689923
m 2 13
0 17 10
1 24 13
2 19 9
t 579 20.155038759689923
m 2 14
0 17 9
1 25 13
2 18 9
t 578 20.155038759689923
m 2 15
0 16 9
1 24 13
2 17 9
t 577 20.155038759689923
m 2 14
0 15 9
1 23 13
2 16 9
t 576 20.155038759689923
m 2 13
0 16 9
1 22 13
2 15 9
t 575 20.155038759689923
m 2 13
0 17 9
1 23 13
2 16 9
t 574 20.155038759689923
m 3 13
0 18 9
1 23 12
2 17 9
t 573 20.155038759689923
m 3 13
0 17 9
1 23 13
2 17 10
t 572 20.155038759689923
m 4 13
0 17 10
1 22 13
2 17 11
t 571 20.155038759689923
m 4 13
0 17 9
1 23 13
2 18 11
t 570 20.155038759689923
m 5 13
0 17 10
1 22 13
2 19 11
t 569 20.155038759689923
m 4 13
0 17 11
1 21 13
2 20 11
t 568 20.155038759689923
m 3 13
0 17 10
1 20 13
2 19 11
t 567 20.155038759689923
m 4 13
0 17 9
1 21 13
2 20 11
t 566 20.155038759689923
m 3 13
0 17 10
1 21 12
2 21 11
t 565 20.155038759689923
m 4 13
0 17 11
1 21 13
2 21 12
t 564 20.155038759689923
m 3 13
0 16 11
1 21 12
2 21 13
t 563 20.155038759689923
m 2 13
0 15 11
1 21 13
2 22 13
t 562 20.155038759689923
m 2 14
0 14 11
1 20 13
2 23 13
t 561 20.155038759689923
m 2 15
0 15 11
1 19 13
2 24 13
t 560 20.155038759689923
m 1 15
0 16 11
1 20 13
2 23 13
t 559 20.155038759689923
m 0 15
0 17 11
1 21 13
2 23 12
t 558 20.155038759689923
m 0 14
0 17 10
1 22 13
2 23 13
t 557 20.155038759689923
m 0 13
0 17 11
1 23 13
2 24 13
t 556 20.155038759689923
m 0 12
0 17 10
1 22 13
2 23 13
t 555 20.930232558139537
m 0 12
0 17 11
1 23 13
2 23 12
t 554 20.930232558139537
m 0 11
0 16 11
1 22 13
2 23 11
t 553 20.930232558139537
m 0 11
0 17 11
1 23 13
2 24 11
t 552 20.930232558139537
m 0 11
0 18 11
1 24 13
2 23 11
t 551 20.930232558139537
m 0 11
0 17 11
1 23 13
2 23 10
t 550 20.930232558139537
m 0 11
0 16 11
1 24 13
2 23 11
t 549 20.930232558139537
m 1 11
0 15 11
1 25 13
2 23 12
t 548 21.705426356589147
m 1 11
0 16 11
1 24 13
2 23 11
t 547 21.705426356589147
m 0 11
0 15 11
1 25 13
2 23 10
t 546 21.705426356589147
m 0 12
0 16 11
1 26 13
2 23 9
t 545 21.705426356589147
m 0 12
0 17 11
1 27 13
2 23 8
t 544 21.705426356589147
m 0 11
0 18 11
1 26 13
2 23 7
t 543 21.705426356589147
m 0 11
0 19 11
1 26 14
2 24 7
t 542 21.705426356589147
m 0 12
0 18 11
1 26 15
2 23 7
t 541 21.705426356589147
m 0 12
0 17 11
1 25 15
2 24 7
t 540 21.705426356589147
m 0 13
0 16 11
1 24 15
2 23 7
t 539 21.705426356589147
m 0 14
0 17 11
1 23 15
2 22 7
t 538 21.705426356589147
m 0 15
0 18 11
1 22 15
2 23 7
t 537 21.705426356589147
m 0 16
0 19 11
1 23 15
2 24 7
t 536 21.705426356589147
m 0 17
0 18 11
1 24 15
2 23 7
t 535 21.705426356589147
m 0 18
0 17 11
1 25 15
2 23 8
t 534 21.705426356589147
m 0 18
0 17 10
1 26 15
2 23 9
t 533 21.705426356589147
m 0 17
0 17 11
1 25 15
2 23 10
t 532 21.705426356589147
m 0 16
0 18 11
1 26 15
2 23 9
t 531 21.705426356589147
m 0 17
0 17 11
1 26 14
2 23 8
t 530 21.705426356589147
m 0 17
0 17 10
1 26 13
2 23 7
t 529 21.705426356589147
m 0 16
0 17 9
1 26 14
2 22 7
t 528 21.705426356589147
m 0 17
0 16 9
1 26 15
2 21 7
t 527 21.705426356589147
m 0 16
0 15 9
1 27 15
2 22 7
t 526 21.705426356589147
m 0 16
0 16 9
1 28 15
2 23 7
t 525 21.705426356589147
m 0 16
0 15 9
1 29 15
2 22 7
t 524 21.705426356589147
m 0 17
0 16 9
1 28 15
2 23 7
t 523 21.705426356589147
m 0 17
0 17 9
1 27 15
2 23 8
t 522 21.705426356589147
m 0 17
0 16 9
1 28 15
2 23 7
t 521 21.705426356589147
m 0 16
0 17 9
1 29 15
2 22 7
t 520 21.705426356589147
m 0 17
0 18 9
1 30 15
2 23 7
t 519 21.705426356589147
m 0 17
0 19 9
1 29 15
2 23 8
t 518 21.705426356589147
m 0 18
0 18 9
1 28 15
2 23 7
t 517 21.705426356589147
m 0 18
0 17 9
1 29 15
2 23 8
t 516 21.705426356589147
m 0 17
0 18 9
1 30 15
2 23 9
t 515 21.705426356589147
m 0 18
0 17 9
1 31 15
2 23 10
t 514 21.705426356589147
m 0 18
0 16 9
1 32 15
2 23 9
t 513 21.705426356589147
m 0 19
0 17 9
1 31 15
2 24 9
t 512 21.705426356589147
m 0 19
0 16 9
1 32 15
2 25 9
t 511 21.705426356589147
m 0 18
0 17 9
1 32 16
2 26 9
t 510 21.705426356589147
m 0 17
0 18 9
1 32 15
2 27 9
t 509 21.705426356589147
m 0 17
0 19 9
1 32 16
2 28 9
t 508 21.705426356589147
m 0 17
0 20 9
1 32 15
2 28 10
t 507 21.705426356589147
m 0 16
0 19 9
1 32 14
2 28 9
t 506 21.705426356589147
m 0 16
0 18 9
1 32 15
2 28 8
t 505 21.705426356589147
m 0 17
0 17 9
1 32 14
2 28 9
t 504 21.705426356589147
m 0 16
0 18 9
1 32 15
2 28 10
t 503 21.705426356589147
m 0 16
0 19 9
1 33 15
2 28 11
t 502 21.705426356589147
m 0 15
0 20 9
1 34 15
2 28 10
t 501 21.705426356589147
m 1 15
0 19 9
1 34 16
2 28 11
t 500 21.705426356589147
m 2 15
0 18 9
1 34 17
2 28 10
t 499 21.705426356589147
m 2 16
0 19 9
1 34 16
2 28 11
t 498 21.705426356589147
m 2 17
0 20 9
1 34 15
2 27 11
t 497 21.705426356589147
m 2 16
0 21 9
1 34 14
2 28 11
t 496 21.705426356589147
m 2 15
0 21 10
1 34 15
2 28 10
t 495 21.705426356589147
m 2 16
0 21 11
1 33 15
2 28 9
t 494 21.705426356589147
m 2 16
0 21 12
1 32 15
2 27 9
t 493 21.705426356589147
m 2 16
0 21 11
1 31 15
2 26 9
t 492 21.705426356589147
m 2 17
0 21 12
1 30 15
2 27 9
t 491 21.705426356589147
m 2 16
0 21 11
1 29 15
2 26 9
t 490 21.705426356589147
m 2 16
0 20 11
1 30 15
2 27 9
t 489 21.705426356589147
m 2 16
0 21 11
1 29 15
2 26 9
t 488 21.705426356589147
m 2 16
0 21 10
1 30 15
2 27 9
t 487 21.705426356589147
m 2 17
0 21 11
1 29 15
2 28 9
t 486 21.705426356589147
m 2 17
0 21 12
1 30 15
2 27 9
t 485 21.705426356589147
m 2 16
0 21 13
1 29 15
2 28 9
t 484 21.705426356589147
m 2 16
0 21 12
1 30 15
2 27 9
t 483 21.705426356589147
m 2 15
0 21 13
1 31 15
2 28 9
t 482 21.705426356589147
m 2 16
0 20 13
1 32 15
2 28 10
t 481 21.705426356589147
m 2 15
0 19 13
1 32 14
2 28 11
t 480 21.705426356589147
m 2 15
0 18 13
1 32 15
2 28 10
t 479 21.705426356589147
m 1 15
0 18 14
1 31 15
2 28 11
t 478 21.705426356589147
m 1 15
0 17 14
1 32 15
2 27 11
t 477 21.705426356589147
m 1 15
0 18 14
1 33 15
2 26 11
t 476 21.705426356589147
m 1 15
0 18 15
1 32 15
2 27 11
t 475 21.705426356589147
m 2 15
0 18 16
1 33 15
2 26 11
t 474 21.705426356589147
m 1 15
0 18 17
1 32 15
2 27 11
t 473 21.705426356589147
m 2 15
0 19 17
1 32 16
2 28 11
t 472 21.705426356589147
m 2 14
0 20 17
1 32 17
2 27 11
t 471 21.705426356589147
m 2 15
0 21 17
1 32 16
2 28 11
t 470 21.705426356589147
m 1 15
0 22 17
1 32 17
2 27 11
t 469 21.705426356589147
m 0 15
0 23 17
1 31 17
2 28 11
t 468 21.705426356589147
m 0 16
0 24 17
1 30 17
2 27 11
t 467 21.705426356589147
m 0 15
0 25 17
1 31 17
2 26 11
t 466 21.705426356589147
m 1 15
0 24 17
1 32 17
2 25 11
t 465 21.705426356589147
m 1 15
0 25 17
1 31 17
2 26 11
t 464 21.705426356589147
m 1 15
0 26 17
1 30 17
2 27 11
t 463 21.705426356589147
m 1 15
0 27 17
1 29 17
2 28 11
t 462 21.705426356589147
m 1 15
0 28 17
1 30 17
2 27 11
t 461 21.705426356589147
m 0 15
0 29 17
1 29 17
2 28 11
t 460 21.705426356589147
m 0 15
0 30 17
1 30 17
2 27 11
t 459 21.705426356589147
m 0 14
0 31 17
1 29 17
2 28 11
t 458 21.705426356589147
m 0 14
0 32 17
1 28 17
2 29 11
t 457 21.705426356589147
m 0 14
0 31 17
1 29 17
2 28 11
t 456 21.705426356589147
m 0 15
0 32 17
1 30 17
2 29 11
t 455 21.705426356589147
m 1 15
0 32 16
1 31 17
2 30 11
t 454 21.705426356589147
m 1 15
0 32 17
1 32 17
2 29 11
t 453 21.705426356589147
m 2 15
0 31 17
1 32 16
2 30 11
t 452 21.705426356589147
m 1 15
0 30 17
1 32 17
2 29 11
t 451 21.705426356589147
m 2 15
0 29 17
1 31 17
2 30 11
t 450 21.705426356589147
m 2 15
0 28 17
1 32 17
2 29 11
t 449 21.705426356589147
m 2 14
0 27 17
1 31 17
2 30 11
t 448 21.705426356589147
m 2 13
0 27 18
1 30 17
2 31 11
t 447 21.705426356589147
m 2 14
0 27 17
1 31 17
2 30 11
t 446 21.705426356589147
m 2 13
0 28 17
1 32 17
2 31 11
t 445 21.705426356589147
m 2 13
0 29 17
1 31 17
2 30 11
t 444 21.705426356589147
m 2 12
0 30 17
1 30 17
2 29 11
t 443 21.705426356589147
m 2 11
0 29 17
1 31 17
2 30 11
t 442 21.705426356589147
m 1 11
0 30 17
1 30 17
2 31 11
t 441 21.705426356589147
m 1 11
0 29 17
1 31 17
2 30 11
t 440 21.705426356589147
m 2 11
0 30 17
1 32 17
2 31 11
t 439 21.705426356589147
m 3 11
0 29 17
1 32 16
2 32 11
t 438 21.705426356589147
m 2 11
0 28 17
1 32 17
2 31 11
t 437 21.705426356589147
m 2 11
0 29 17
1 31 17
2 32 11
t 436 21.705426356589147
m 2 12
0 28 17
1 32 17
2 32 12
t 435 21.705426356589147
m 2 12
0 29 17
1 32 16
2 32 11
t 434 21.705426356589147
m 2 11
0 28 17
1 32 17
2 32 12
t 433 21.705426356589147
m 1 11
0 29 17
1 31 17
2 32 11
t 432 21.705426356589147
m 0 11
0 30 17
1 32 17
2 31 11
t 431 21.705426356589147
m 1 11
0 31 17
1 31 17
2 31 10
t 430 21.705426356589147
m 2 11
0 32 17
1 32 17
2 31 11
t 429 21.705426356589147
m 2 12
0 31 17
1 31 17
2 31 10
t 428 21.705426356589147
m 2 13
0 30 17
1 32 17
2 31 9
t 427 21.705426356589147
m 2 12
0 29 17
1 31 17
2 31 10
t 426 21.705426356589147
m 2 11
0 28 17
1 30 17
2 31 9
t 425 21.705426356589147
m 2 11
0 27 17
1 29 17
2 31 10
t 424 21.705426356589147
m 2 11
0 28 17
1 28 17
2 31 9
t 423 21.705426356589147
m 3 11
0 29 17
1 27 17
2 31 10
t 422 21.705426356589147
m 4 11
0 30 17
1 28 17
2 31 9
t 421 22.48062015503876
m 5 11
0 29 17
1 29 17
2 31 8
t 420 22.48062015503876
m 6 11
0 30 17
1 30 17
2 31 7
t 419 22.48062015503876
m 7 11
0 29 17
1 31 17
2 31 6
t 418 23.25581395348837
m 8 11
0 28 17
1 32 17
2 31 7
t 417 23.25581395348837
m 9 11
0 27 17
1 31 17
2 31 6
t 416 23.25581395348837
m 10 11
0 26 17
1 32 17
2 31 7
t 415 24.031007751937985
m 10 11
0 27 17
1 31 17
2 31 8
t 414 24.031007751937985
m 9 11
0 27 18
1 32 17
2 30 8
t 413 24.031007751937985
m 9 11
0 27 19
1 31 17
2 29 8
t 412 24.031007751937985
m 9 11
0 26 19
1 30 17
2 30 8
t 411 24.031007751937985
m 10 11
0 25 19
1 31 17
2 31 8
t 410 24.031007751937985
m 11 11
0 24 19
1 30 17
2 31 7
t 409 24.031007751937985
m 11 11
0 25 19
1 31 17
2 31 8
t 408 24.031007751937985
m 11 11
0 26 19
1 30 17
2 31 7
t 407 24.031007751937985
m 11 10
0 27 19
1 29 17
2 31 6
t 406 24.8062015503876
m 11 11
0 28 19
1 30 17
2 30 6
t 405 24.8062015503876
m 10 11
0 29 19
1 31 17
2 29 6
t 404 24.8062015503876
m 9 11
0 28 19
1 32 17
2 29 5
t 403 24.8062015503876
m 9 11
0 29 19
1 31 17
2 29 6
t 402 24.8062015503876
m 9 11
0 30 19
1 30 17
2 29 5
t 401 24.8062015503876
m 10 11
0 31 19
1 31 17
2 29 6
t 400 24.8062015503876
m 11 11
0 30 19
1 32 17
2 28 6
t 399 24.8062015503876
m 11 12
0 29 19
1 31 17
2 29 6
t 398 24.8062015503876
m 11 11
0 28 19
1 30 17
2 30 6
t 397 24.8062015503876
m 11 12
0 27 19
1 29 17
2 31 6
t 396 24.8062015503876
m 11 11
0 26 19
1 28 17
2 31 7
t 395 24.8062015503876
m 11 11
0 25 19
1 27 17
2 31 6
t 394 24.8062015503876
m 11 12
0 24 19
1 27 18
2 30 6
t 393 24.8062015503876
m 11 12
0 23 19
1 27 17
2 29 6
t 392 24.8062015503876
m 11 13
0 24 19
1 26 17
2 29 5
t 391 24.8062015503876
m 10 13
0 23 19
1 25 17
2 29 6
t 390 24.8062015503876
m 10 13
0 24 19
1 26 17
2 29 5
t 389 24.8062015503876
m 10 13
0 23 19
1 27 17
2 29 4
t 388 24.8062015503876
m 9 13
0 24 19
1 28 17
2 29 3
t 387 24.8062015503876
m 8 13
0 25 19
1 29 17
2 29 4
t 386 24.8062015503876
m 9 13
0 24 19
1 28 17
2 29 5
t 385 24.8062015503876
m 9 13
0 25 19
1 29 17
2 29 6
t 384 24.8062015503876
m 9 13
0 26 19
1 28 17
2 30 6
t 383 24.8062015503876
m 9 13
0 27 19
1 27 17
2 31 6
t 382 24.8062015503876
m 10 13
0 26 19
1 28 17
2 31 7
t 381 24.8062015503876
m 11 13
0 25 19
1 27 17
2 31 6
t 380 24.8062015503876
m 12 13
0 24 19
1 27 18
2 31 7
t 379 24.8062015503876
m 13 13
0 25 19
1 27 17
2 31 8
t 378 24.8062015503876
m 14 13
0 26 19
1 26 17
2 31 9
t 377 24.8062015503876
m 13 13
0 25 19
1 27 17
2 31 8
t 376 24.8062015503876
m 12 13
0 26 19
1 28 17
2 30 8
t 375 24.8062015503876
m 12 13
0 27 19
1 29 17
2 29 8
t 374 24.8062015503876
m 12 13
0 26 19
1 30 17
2 28 8
t 373 24.8062015503876
m 11 13
0 27 19
1 29 17
2 29 8
t 372 24.8062015503876
m 12 13
0 26 19
1 30 17
2 30 8
t 371 24.8062015503876
m 11 13
0 25 19
1 31 17
2 29 8
t 370 24.8062015503876
m 10 13
0 24 19
1 32 17
2 30 8
t 369 24.8062015503876
m 11 13
0 25 19
1 31 17
2 29 8
t 368 24.8062015503876
m 10 13
0 26 19
1 30 17
2 28 8
t 367 24.8062015503876
m 10 13
0 27 19
1 31 17
2 28 9
t 366 24.8062015503876
m 11 13
0 27 18
1 30 17
2 28 10
t 365 24.8062015503876
m 11 12
0 27 19
1 29 17
2 28 9
t 364 24.8062015503876
m 11 12
0 26 19
1 30 17
2 28 8
t 363 24.8062015503876
m 11 12
0 25 19
1 29 17
2 29 8
t 362 24.8062015503876
m 11 13
0 26 19
1 30 17
2 28 8
t 361 24.8062015503876
m 10 13
0 25 19
1 29 17
2 28 9
t 360 24.8062015503876
m 11 13
0 26 19
1 30 17
2 27 9
t 359 24.8062015503876
m 12 13
0 27 19
1 31 17
2 26 9
t 358 24.8062015503876
m 11 13
0 26 19
1 32 17
2 27 9
t 357 24.8062015503876
m 12 13
0 27 19
1 31 17
2 26 9
t 356 24.8062015503876
m 11 13
0 27 18
1 32 17
2 25 9
t 355 24.8062015503876
m 12 13
0 27 19
1 32 16
2 26 9
t 354 24.8062015503876
m 12 13
0 27 18
1 32 17
2 27 9
t 353 24.8062015503876
m 11 13
0 27 17
1 32 16
2 26 9
t 352 24.8062015503876
m 10 13
0 26 17
1 32 17
2 25 9
t 351 24.8062015503876
m 11 13
0 27 17
1 31 17
2 26 9
t 350 24.8062015503876
m 10 13
0 26 17
1 30 17
2 27 9
t 349 24.8062015503876
m 10 13
0 25 17
1 31 17
2 26 9
t 348 24.8062015503876
m 11 13
0 26 17
1 32 17
2 27 9
t 347 24.8062015503876
m 11 13
0 27 17
1 31 17
2 26 9
t 346 24.8062015503876
m 11 12
0 28 17
1 32 17
2 25 9
t 345 24.8062015503876
m 11 11
0 27 17
1 32 16
2 26 9
t 344 24.8062015503876
m 11 10
0 27 18
1 32 17
2 27 9
t 343 24.8062015503876
m 11 9
0 27 17
1 32 16
2 26 9
t 342 24.8062015503876
m 11 8
0 28 17
1 32 15
2 27 9
t 341 24.8062015503876
m 11 9
0 27 17
1 32 16
2 28 9
t 340 24.8062015503876
m 11 9
0 26 17
1 32 15
2 28 10
t 339 24.8062015503876
m 11 8
0 27 17
1 31 15
2 28 9
t 338 24.8062015503876
m 11 7
0 26 17
1 32 15
2 27 9
t 337 25.58139534883721
m 12 7
0 25 17
1 33 15
2 26 9
t 336 25.58139534883721
m 13 7
0 26 17
1 32 15
2 27 9
t 335 25.58139534883721
m 14 7
0 25 17
1 33 15
2 28 9
t 334 26.356589147286822
m 15 7
0 26 17
1 34 15
2 27 9
t 333 26.356589147286822
m 14 7
0 25 17
1 34 14
2 26 9
t 332 26.356589147286822
m 14 7
0 24 17
1 34 13
2 27 9
t 331 26.356589147286822
m 15 7
0 23 17
1 34 14
2 26 9
t 330 26.356589147286822
m 16 7
0 22 17
1 34 13
2 27 9
t 329 26.356589147286822
m 17 7
0 23 17
1 34 14
2 28 9
t 328 27.131782945736433
m 17 7
0 22 17
1 34 13
2 27 9
t 327 27.131782945736433
m 17 7
0 23 17
1 34 12
2 26 9
t 326 27.131782945736433
m 17 6
0 22 17
1 34 13
2 27 9
t 325 27.131782945736433
m 17 6
0 21 17
1 34 14
2 26 9
t 324 27.131782945736433
m 17 5
0 20 17
1 34 15
2 27 9
t 323 27.131782945736433
m 17 5
0 19 17
1 34 16
2 28 9
t 322 27.131782945736433
m 17 6
0 18 17
1 34 17
2 28 8
t 321 27.131782945736433
m 17 7
0 17 17
1 34 16
2 29 8
t 320 27.131782945736433
m 17 7
0 18 17
1 34 17
2 28 8
t 319 27.131782945736433
m 18 7
0 18 18
1 34 18
2 29 8
t 318 27.131782945736433
m 17 7
0 18 17
1 34 19
2 28 8
t 317 27.131782945736433
m 16 7
0 19 17
1 33 19
2 29 8
t 316 27.131782945736433
m 15 7
0 18 17
1 34 19
2 28 8
t 315 27.131782945736433
m 15 7
0 18 16
1 33 19
2 28 9
t 314 27.131782945736433
m 14 7
0 18 15
1 32 19
2 28 8
t 313 27.131782945736433
m 13 7
0 19 15
1 33 19
2 29 8
t 312 27.131782945736433
m 14 7
0 18 15
1 34 19
2 30 8
t 311 27.131782945736433
m 13 7
0 19 15
1 33 19
2 29 8
t 310 27.131782945736433
m 14 7
0 20 15
1 32 19
2 28 8
t 309 27.131782945736433
m 15 7
0 19 15
1 31 19
2 28 9
t 308 27.131782945736433
m 14 7
0 18 15
1 32 19
2 28 8
t 307 27.131782945736433
m 14 7
0 18 16
1 31 19
2 29 8
t 306 27.131782945736433
m 14 7
0 18 15
1 32 19
2 30 8
t 305 27.131782945736433
m 15 7
0 19 15
1 31 19
2 31 8
t 304 27.131782945736433
m 15 7
0 18 15
1 30 19
2 31 9
t 303 27.131782945736433
m 16 7
0 18 16
1 31 19
2 31 10
t 302 27.131782945736433
m 17 7
0 18 17
1 32 19
2 31 11
t 301 27.131782945736433
m 18 7
0 17 17
1 31 19
2 30 11
t 300 27.131782945736433
m 17 7
0 18 17
1 32 19
2 29 11
t 299 27.131782945736433
m 16 7
0 18 18
1 31 19
2 28 11
t 298 27.131782945736433
m 17 7
0 18 17
1 32 19
2 29 11
t 297 27.131782945736433
m 17 7
0 18 16
1 31 19
2 28 11
t 296 27.131782945736433
m 17 7
0 18 17
1 30 19
2 28 10
t 295 27.131782945736433
m 18 7
0 18 16
1 31 19
2 28 9
t 294 27.131782945736433
m 17 7
0 18 17
1 32 19
2 28 10
t 293 27.131782945736433
m 17 7
0 19 17
1 31 19
2 28 9
t 292 27.131782945736433
m 18 7
0 18 17
1 30 19
2 28 8
t 291 27.131782945736433
m 19 7
0 17 17
1 29 19
2 28 9
t 290 27.131782945736433
m 19 7
0 18 17
1 30 19
2 28 10
t 289 27.131782945736433
m 18 7
0 18 16
1 31 19
2 28 11
t 288 27.131782945736433
m 17 7
0 18 17
1 32 19
2 28 10
t 287 27.131782945736433
m 17 6
0 19 17
1 33 19
2 28 11
t 286 27.131782945736433
m 17 7
0 20 17
1 32 19
2 29 11
t 285 27.131782945736433
m 18 7
0 21 17
1 31 19
2 28 11
t 284 27.131782945736433
m 17 7
0 22 17
1 30 19
2 28 10
t 283 27.131782945736433
m 18 7
0 22 16
1 31 19
2 28 9
t 282 27.131782945736433
m 17 7
0 22 15
1 30 19
2 27 9
t 281 27.131782945736433
m 16 7
0 23 15
1 31 19
2 28 9
t 280 27.131782945736433
m 17 7
0 22 15
1 30 19
2 28 8
t 279 27.131782945736433
m 16 7
0 23 15
1 31 19
2 28 9
t 278 27.131782945736433
m 16 7
0 24 15
1 32 19
2 28 8
t 277 27.131782945736433
m 17 7
0 25 15
1 33 19
2 29 8
t 276 27.131782945736433
m 17 7
0 24 15
1 32 19
2 30 8
t 275 27.131782945736433
m 17 6
0 25 15
1 31 19
2 31 8
t 274 27.131782945736433
m 17 7
0 24 15
1 30 19
2 31 7
t 273 27.131782945736433
m 18 7
0 23 15
1 31 19
2 31 8
t 272 27.131782945736433
m 17 7
0 24 15
1 32 19
2 31 7
t 271 27.131782945736433
m 17 7
0 25 15
1 33 19
2 31 8
t 270 27.131782945736433
m 16 7
0 24 15
1 34 19
2 31 9
t 269 27.131782945736433
m 16 7
0 25 15
1 33 19
2 31 8
t 268 27.131782945736433
m 17 7
0 26 15
1 32 19
2 31 7
t 267 27.131782945736433
m 17 6
0 26 14
1 31 19
2 31 8
t 266 27.131782945736433
m 17 5
0 26 13
1 32 19
2 31 7
t 265 27.131782945736433
m 17 6
0 26 14
1 31 19
2 31 8
t 264 27.131782945736433
m 17 5
0 26 13
1 30 19
2 32 8
t 263 27.131782945736433
m 17 6
0 26 14
1 29 19
2 31 8
t 262 27.131782945736433
m 17 5
0 26 13
1 28 19
2 30 8
t 261 27.131782945736433
m 17 4
0 27 13
1 29 19
2 29 8
t 260 27.906976744186046
m 17 5
0 26 13
1 30 19
2 28 8
t 259 27.906976744186046
m 17 4
0 26 14
1 29 19
2 28 9
t 258 27.906976744186046
m 17 4
0 26 13
1 28 19
2 27 9
t 257 27.906976744186046
m 18 4
0 25 13
1 29 19
2 26 9
t 256 27.906976744186046
m 17 4
0 26 13
1 30 19
2 25 9
t 255 27.906976744186046
m 18 4
0 27 13
1 29 19
2 26 9
t 254 27.906976744186046
m 19 4
0 26 13
1 28 19
2 27 9
t 253 27.906976744186046
m 19 4
0 27 13
1 29 19
2 28 9
t 252 27.906976744186046
m 19 4
0 28 13
1 30 19
2 27 9
t 251 27.906976744186046
m 20 4
0 29 13
1 31 19
2 28 9
t 250 28.68217054263566
m 20 4
0 28 13
1 30 19
2 28 8
t 249 28.68217054263566
m 19 4
0 29 13
1 31 19
2 29 8
t 248 28.68217054263566
m 20 4
0 28 13
1 30 19
2 30 8
t 247 28.68217054263566
m 21 4
0 29 13
1 29 19
2 29 8
t 246 28.68217054263566
m 21 4
0 30 13
1 28 19
2 28 8
t 245 28.68217054263566
m 21 5
0 31 13
1 29 19
2 28 9
t 244 28.68217054263566
m 22 5
0 30 13
1 30 19
2 28 10
t 243 29.45736434108527
m 23 5
0 31 13
1 31 19
2 28 11
t 242 29.45736434108527
m 22 5
0 30 13
1 30 19
2 29 11
t 241 29.45736434108527
m 22 5
0 31 13
1 29 19
2 30 11
t 240 29.45736434108527
m 23 5
0 30 13
1 30 19
2 29 11
t 239 29.45736434108527
m 24 5
0 29 13
1 31 19
2 28 11
t 238 29.45736434108527
m 25 5
0 28 13
1 32 19
2 27 11
t 237 30.232558139534884
m 24 5
0 29 13
1 33 19
2 26 11
t 236 30.232558139534884
m 25 5
0 30 13
1 32 19
2 27 11
t 235 30.232558139534884
m 25 4
0 29 13
1 31 19
2 28 11
t 234 30.232558139534884
m 25 4
0 28 13
1 32 19
2 28 10
t 233 30.232558139534884
m 25 5
0 27 13
1 33 19
2 28 9
t 232 30.232558139534884
m 25 6
0 28 13
1 34 19
2 28 8
t 231 30.232558139534884
m 25 6
0 29 13
1 34 18
2 29 8
t 230 30.232558139534884
m 25 5
0 30 13
1 34 19
2 30 8
t 229 30.232558139534884
m 24 5
0 29 13
1 33 19
2 31 8
t 228 30.232558139534884
m 25 5
0 30 13
1 34 19
2 31 7
t 227 30.232558139534884
m 24 5
0 31 13
1 34 18
2 31 6
t 226 30.232558139534884
m 25 5
0 32 13
1 34 19
2 31 7
t 225 30.232558139534884
m 25 6
0 31 13
1 33 19
2 31 6
t 224 30.232558139534884
m 25 5
0 32 13
1 32 19
2 31 7
t 223 30.232558139534884
m 25 6
0 32 14
1 31 19
2 31 6
t 222 30.232558139534884
m 26 6
0 32 15
1 32 19
2 31 7
t 221 30.232558139534884
m 25 6
0 32 16
1 31 19
2 31 8
t 220 30.232558139534884
m 26 6
0 32 17
1 30 19
2 31 7
t 219 30.232558139534884
m 25 6
0 32 16
1 31 19
2 31 8
t 218 30.232558139534884
m 26 6
0 32 17
1 32 19
2 31 9
t 217 30.232558139534884
m 25 6
0 31 17
1 33 19
2 31 10
t 216 30.232558139534884
m 26 6
0 32 17
1 32 19
2 31 11
t 215 30.232558139534884
m 26 6
0 32 16
1 31 19
2 32 11
t 214 30.232558139534884
m 25 6
0 32 15
1 32 19
2 33 11
t 213 30.232558139534884
m 25 7
0 31 15
1 33 19
2 32 11
t 212 30.232558139534884
m 25 7
0 32 15
1 32 19
2 33 11
t 211 30.232558139534884
m 24 7
0 32 14
1 31 19
2 32 11
t 210 30.232558139534884
m 23 7
0 32 15
1 32 19
2 31 11
t 209 31.007751937984494
m 23 8
0 33 15
1 31 19
2 31 10
t 208 31.007751937984494
m 23 8
0 34 15
1 32 19
2 31 9
t 207 31.007751937984494
m 23 9
0 33 15
1 31 19
2 31 10
t 206 31.007751937984494
m 23 8
0 34 15
1 30 19
2 31 9
t 205 31.007751937984494
m 23 7
0 34 14
1 29 19
2 31 10
t 204 31.007751937984494
m 23 8
0 34 13
1 30 19
2 31 11
t 203 31.007751937984494
m 23 7
0 34 12
1 31 19
2 32 11
t 202 31.007751937984494
m 22 7
0 34 13
1 30 19
2 33 11
t 201 31.007751937984494
m 23 7
0 34 12
1 31 19
2 34 11
t 200 31.007751937984494
m 23 8
0 34 13
1 30 19
2 33 11
t 199 31.007751937984494
m 23 7
0 34 12
1 31 19
2 32 11
t 198 31.007751937984494
m 23 8
0 34 11
1 32 19
2 33 11
t 197 31.007751937984494
m 23 9
0 33 11
1 31 19
2 34 11
t 196 31.007751937984494
m 23 8
0 34 11
1 30 19
2 34 12
t 195 31.007751937984494
m 23 8
0 34 12
1 29 19
2 34 11
t 194 31.007751937984494
m 23 7
0 34 13
1 30 19
2 33 11
t 193 31.007751937984494
m 24 7
0 34 12
1 31 19
2 32 11
t 192 31.007751937984494
m 25 7
0 34 11
1 30 19
2 31 11
t 191 31.007751937984494
m 24 7
0 33 11
1 31 19
2 30 11
t 190 31.007751937984494
m 23 7
0 34 11
1 32 19
2 29 11
t 189 31.007751937984494
m 23 8
0 33 11
1 33 19
2 28 11
t 188 31.007751937984494
m 23 9
0 32 11
1 32 19
2 28 10
t 187 31.007751937984494
m 23 9
0 33 11
1 33 19
2 28 9
t 186 31.007751937984494
m 23 10
0 32 11
1 32 19
2 28 10
t 185 31.782945736434108
m 23 11
0 33 11
1 31 19
2 28 11
t 184 31.782945736434108
m 23 11
0 34 11
1 30 19
2 29 11
t 183 31.782945736434108
m 23 11
0 34 12
1 29 19
2 30 11
t 182 31.782945736434108
m 23 11
0 34 11
1 28 19
2 31 11
t 181 31.782945736434108
m 24 11
0 33 11
1 27 19
2 30 11
t 180 31.782945736434108
m 25 11
0 32 11
1 27 18
2 31 11
t 179 32.55813953488372
m 24 11
0 33 11
1 27 19
2 30 11
t 178 32.55813953488372
m 25 11
0 34 11
1 27 18
2 29 11
t 177 32.55813953488372
m 25 11
0 33 11
1 27 17
2 30 11
t 176 32.55813953488372
m 26 11
0 34 11
1 27 18
2 29 11
t 175 32.55813953488372
m 25 11
0 33 11
1 27 17
2 28 11
t 174 32.55813953488372
m 25 11
0 32 11
1 28 17
2 29 11
t 173 32.55813953488372
m 25 11
0 33 11
1 27 17
2 28 11
t 172 32.55813953488372
m 24 11
0 32 11
1 27 18
2 29 11
t 171 32.55813953488372
m 24 11
0 31 11
1 27 19
2 30 11
t 170 32.55813953488372
m 25 11
0 30 11
1 26 19
2 31 11
t 169 32.55813953488372
m 26 11
0 29 11
1 25 19
2 30 11
t 168 32.55813953488372
m 26 11
0 30 11
1 24 19
2 31 11
t 167 32.55813953488372
m 26 11
0 29 11
1 23 19
2 32 11
t 166 32.55813953488372
m 25 11
0 30 11
1 22 19
2 31 11
t 165 32.55813953488372
m 25 11
0 29 11
1 23 19
2 32 11
t 164 32.55813953488372
m 26 11
0 30 11
1 24 19
2 31 11
t 163 32.55813953488372
m 25 11
0 29 11
1 25 19
2 30 11
t 162 32.55813953488372
m 26 11
0 28 11
1 26 19
2 31 11
t 161 32.55813953488372
m 27 11
0 28 10
1 27 19
2 32 11
t 160 32.55813953488372
m 26 11
0 28 9
1 26 19
2 31 11
t 159 32.55813953488372
m 25 11
0 27 9
1 25 19
2 31 10
t 158 32.55813953488372
m 26 11
0 28 9
1 26 19
2 31 9
t 157 32.55813953488372
m 27 11
0 28 8
1 27 19
2 31 10
t 156 32.55813953488372
m 28 11
0 28 9
1 27 18
2 31 9
t 155 33.333333333333336
m 28 11
0 27 9
1 27 19
2 31 10
t 154 33.333333333333336
m 27 11
0 28 9
1 28 19
2 31 11
t 153 33.333333333333336
m 28 11
0 28 8
1 29 19
2 30 11
t 152 33.333333333333336
m 28 11
0 28 9
1 28 19
2 31 11
t 151 33.333333333333336
m 28 10
0 27 9
1 29 19
2 32 11
t 150 33.333333333333336
m 28 10
0 28 9
1 30 19
2 33 11
t 149 33.333333333333336
0 28 10
1 29 19
2 34 11
t 148 33.333333333333336
